0.76473,-0.47111,1
1.1461,-0.049218,1
0.69416,-0.62558,1
1.3762,-0.10705,1
0.82989,0.39321,1
0.99866,-0.36764,1
0.79991,-0.049989,1
0.67933,-0.10291,1
0.89023,-0.070322,1
0.68948,-0.029178,1
0.8132,0.2755,1
0.86882,-0.46472,1
0.82465,-0.31359,1
0.85126,0.22898,1
0.97338,-0.29084,1
1.1515,-0.20822,1
0.86719,-0.18573,1
0.89735,-0.09257,1
0.88637,0.55025,1
0.82526,-0.42478,1
1.1265,-0.62952,1
0.99773,0.56467,1
1.0394,0.2086,1
0.81857,-0.30085,1
1.5953,0.17465,1
1.2787,-1.0273,1
1.2113,0.2749,1
0.96429,0.56546,1
1.1115,0.25239,1
0.97926,0.41812,1
1.1765,0.5178,1
0.75547,-0.25962,1
0.58414,-0.45822,1
1.3486,0.024601,1
0.45647,0.568,1
1.3499,0.081018,1
0.96576,-0.15646,1
0.88943,0.013811,1
1.2961,0.068233,1
0.77424,-0.25339,1
1.2342,-0.048979,1
1.2923,0.25322,1
1.0169,-0.16742,1
0.73044,-0.13804,1
1.0765,-0.39826,1
1.1757,0.36006,1
0.77171,0.18288,1
0.43817,-0.63397,1
0.94678,0.36534,1
1.0501,-0.37132,1
0.93712,0.31394,1
1.2377,0.10393,1
1.1027,0.34359,1
0.45982,-0.33667,1
0.69616,0.011628,1
1.0236,-0.13092,1
1.3327,-0.046458,1
0.66981,-0.36516,1
1.0328,-0.0060788,1
0.94642,0.30916,1
1.1829,-0.053207,1
1.1501,0.23215,1
1.2521,-0.051294,1
1.1067,-0.078952,1
0.72657,-0.0025638,1
0.50041,-0.035125,1
0.84881,0.17653,1
1.2155,-0.016218,1
1.4509,0.00021712,1
1.4337,0.053566,1
1.1637,0.047394,1
1.029,-0.014721,1
0.71545,0.34582,1
1.0389,0.027391,1
0.9575,0.49226,1
1.7359,0.10158,1
0.61054,0.023005,1
0.77863,0.37482,1
0.41442,-0.097409,1
0.79144,-0.60452,1
1.3365,0.66452,1
0.69487,0.5931,1
1.6441,0.63514,1
0.8814,0.10608,1
0.62981,-0.42449,1
0.70385,-0.28573,1
0.62683,-0.53783,1
0.54231,-0.63189,1
0.79104,0.26691,1
1.1883,-0.28365,1
1.1484,0.32751,1
0.93725,-0.17321,1
0.32665,0.17391,1
1.0089,0.31914,1
1.0647,0.084453,1
1.3026,0.29197,1
1.2102,0.15008,1
0.3676,-0.43209,1
0.74144,0.30523,1
1.287,0.16104,1
0.24352,-0.062996,1
0.8784,-0.05748,1
0.8672,0.32514,1
0.69649,-0.10206,1
0.79927,-0.365,1
0.61744,0.40517,1
0.66823,-0.35253,1
0.56931,0.3377,1
0.98108,0.031216,1
1.0182,0.20887,1
0.79924,0.46526,1
1.063,0.60907,1
0.82958,-0.14228,1
1.5287,0.030484,1
1.5132,0.090634,1
0.87623,-0.22647,1
0.83267,-0.12536,1
0.86472,-0.23329,1
0.962,-0.04706,1
0.78882,-0.21347,1
1.3198,0.6215,1
0.63692,-0.45884,1
0.67478,-0.037528,1
1.0769,-0.14147,1
0.88889,-0.030126,1
1.0714,-0.18292,1
0.96557,0.3588,1
0.68049,0.26161,1
1.0936,0.083472,1
0.95798,-0.029151,1
1.1738,0.70587,1
0.76605,-0.24038,1
1.1988,0.047136,1
1.4103,-0.064463,1
0.76367,-0.13469,1
1.4532,-0.10228,1
1.0835,-0.21071,1
1.3689,0.059123,1
0.88368,-0.067037,1
1.6037,-0.20388,1
1.1281,0.34936,1
1.096,0.27309,1
0.58793,0.62277,1
1.2916,0.060144,1
1.3747,-0.096818,1
0.78276,-0.57204,1
0.75869,-0.29926,1
1.0311,0.046051,1
1.4452,-0.30799,1
1.1982,0.63656,1
0.71528,-0.090215,1
1.3178,0.54875,1
1.0566,-0.2963,1
0.83674,0.57861,1
1.4923,0.35031,1
1.0537,-0.13754,1
1.0533,0.022585,1
0.81446,-0.20018,1
1.4036,-0.2999,1
0.84968,-0.40065,1
0.44113,0.31508,1
0.8232,0.41557,1
0.51536,-0.18905,1
0.90244,-0.27388,1
1.5181,0.50972,1
0.91609,0.012821,1
1.1741,-0.15015,1
1.4467,0.19838,1
1.007,-0.13772,1
0.91979,0.36896,1
0.89716,0.033697,1
0.93922,-0.047953,1
1.7167,-0.1271,1
0.75757,-0.30838,1
0.36014,0.32412,1
1.005,0.58327,1
1.3053,-0.0070694,1
0.85596,-0.011132,1
0.69563,-0.43343,1
1.1815,-0.72755,1
1.1737,-0.27406,1
0.41865,-0.04207,1
1.1342,0.53207,1
0.76857,0.11548,1
1.5456,-0.53023,1
1.2055,-0.08411,1
1.0139,0.099917,1
0.78198,-0.23104,1
0.95351,0.35159,1
0.54191,-0.10978,1
0.85582,0.23528,1
1.0384,0.54634,1
1.4139,0.11858,1
0.8227,0.13093,1
1.2793,-0.14716,1
0.77342,-0.30418,1
1.2437,-0.24044,1
1.3841,0.1625,1
0.85972,-0.066861,1
1.0861,-0.35121,1
0.87498,0.083827,1
0.83861,-0.056185,1
1.1003,0.24717,1
1.8331,0.21158,1
1.2102,0.33821,1
1.1687,0.32925,1
1.0683,-0.14084,1
0.8637,-0.3377,1
0.53056,-0.27046,1
1.0435,0.3494,1
1.4039,0.15892,1
0.78634,-0.27947,1
1.0832,0.36569,1
0.97698,0.47709,1
1.4236,-0.37768,1
0.86902,0.24519,1
1.4018,0.48726,1
1.0163,-0.12376,1
1.2829,0.16466,1
0.72577,-0.48195,1
0.82617,-0.093991,1
0.64698,-0.43107,1
0.78247,-0.45934,1
1.0487,0.75381,1
0.95108,-0.10282,1
0.74621,0.078957,1
1.4002,0.087424,1
0.88965,-0.10588,1
1.0334,0.45175,1
0.60966,0.5677,1
0.95336,-0.24082,1
1.1567,-0.032158,1
0.72433,0.20204,1
1.0691,-0.43871,1
0.95868,-0.42813,1
0.7241,-0.23376,1
1.274,0.1565,1
1.0641,0.085005,1
0.73478,-0.28603,1
0.88381,-0.4512,1
1.0965,0.039043,1
0.4326,0.04307,1
0.77195,0.60281,1
1.0633,-0.099352,1
1.0575,-0.21489,1
1.0968,-0.24971,1
0.87029,0.45851,1
1.1461,-0.46133,1
0.86441,0.080197,1
1.1632,-0.04875,1
0.60513,-0.34403,1
1.5676,-0.2403,1
0.82056,0.6425,1
0.84577,-0.3005,1
0.78477,-0.15293,1
0.68334,-0.048617,1
1.3437,0.6216,1
0.71374,-0.33017,1
0.92409,-0.09447,1
1.0468,0.48711,1
1.2146,-0.11186,1
1.6235,0.17677,1
1.024,-0.012141,1
0.61929,0.0070289,1
1.8014,-0.34008,1
0.85354,-0.68376,1
0.81788,0.17506,1
0.66561,0.39441,1
0.39805,0.1442,1
1.0432,0.021568,1
0.98883,-0.010223,1
1.4994,-0.40686,1
0.80882,0.22716,1
1.1436,0.17769,1
1.5175,-0.35277,1
1.1542,0.019985,1
1.0735,0.040922,1
1.0752,-0.33753,1
0.99045,0.53704,1
1.1682,-0.48797,1
0.94589,-0.73534,1
0.77317,-0.57561,1
1.0266,0.24056,1
0.98529,0.085962,1
1.3805,0.16886,1
0.44333,-0.54671,1
0.74858,0.047891,1
0.66564,0.0055309,1
1.137,0.33859,1
0.84762,0.010472,1
1.0788,0.097808,1
1.4977,0.32767,1
1.2117,0.23223,1
0.96878,-0.22645,1
0.69164,0.075154,1
1.6208,0.32031,1
0.88512,0.14001,1
0.75318,0.096146,1
1.4871,0.22365,1
0.70349,0.079047,1
0.78047,-0.013444,1
0.84707,-0.086476,1
1.0533,0.61017,1
1.1889,-0.083699,1
0.7888,-0.1154,1
1.1088,-0.30066,1
0.7609,-0.18166,1
0.38934,0.46831,1
1.0639,-0.11837,1
1.0865,0.31881,1
1.5068,-0.29305,1
0.93666,-0.071204,1
1.3827,-0.30438,1
1.4906,-0.018698,1
0.77512,-0.26329,1
1.2334,-0.061485,1
1.2103,-0.13291,1
0.82321,0.1646,1
1.0914,-0.095911,1
0.64461,-0.46702,1
1.048,-0.13498,1
1.0108,-0.12445,1
1.3536,-0.10486,1
1.0356,-0.36636,1
1.4312,0.22786,1
0.71847,-0.24779,1
0.043523,-0.084439,1
1.5115,-0.14062,1
1.2872,0.32916,1
1.3418,0.062312,1
0.79351,-0.24442,1
0.64431,0.20567,1
0.77749,0.18393,1
0.95218,-0.37316,1
1.0516,-0.16758,1
0.88352,0.031374,1
1.3303,0.37711,1
0.89534,0.30999,1
1.0563,-0.15482,1
0.37452,0.29275,1
1.1254,-0.10449,1
1.1003,-0.37721,1
0.86932,0.14827,1
0.80506,0.16287,1
0.90539,-0.06063,1
0.58484,0.26252,1
1.0713,-0.31112,1
0.12469,-0.091082,1
1.23,0.2892,1
1.1468,0.031282,1
0.96515,0.23711,1
1.1401,0.24012,1
0.82256,-0.56329,1
0.90067,0.29439,1
1.3234,0.23125,1
0.83196,-0.23913,1
1.1543,-0.26444,1
0.83003,-0.16541,1
0.75449,0.16335,1
1.191,-0.33046,1
1.3566,-0.23374,1
1.3255,0.29391,1
0.74834,-0.34341,1
1.6503,-0.83836,1
1.1586,-0.607,1
1.2154,-0.080901,1
1.1188,0.18815,1
0.86258,-0.067803,1
0.66728,-0.13255,1
1.3406,-0.0075123,1
1.1134,-0.69428,1
0.87516,-0.13048,1
1.0006,-0.21202,1
0.51039,0.48863,1
0.90247,0.13962,1
0.90661,0.10017,1
0.81502,0.24305,1
1.1241,0.012043,1
0.76783,0.068741,1
1.2246,0.21559,1
1.1855,-0.3541,1
0.85315,0.12567,1
0.78349,0.14015,1
0.90452,-0.2806,1
1.3315,0.20424,1
1.2155,-0.16369,1
1.2492,0.1813,1
0.79397,-0.10186,1
0.94925,-0.58942,1
-0.061547,0.13985,1
1.2405,0.1666,1
1.4672,0.030166,1
0.82633,0.081725,1
0.70639,-0.24639,1
1.171,0.010809,1
0.64168,0.17202,1
0.98918,0.038611,1
1.2275,0.034013,1
0.55509,-0.53168,1
1.3725,-0.32522,1
0.93485,0.57916,1
0.98551,-0.44162,1
1.2547,-0.36763,1
0.66321,-0.12865,1
0.86552,0.21254,1
1.2325,-0.29364,1
1.1902,-0.10334,1
1.2218,-0.26629,1
1.0761,-0.015252,1
1.0384,-0.077657,1
0.61521,-0.35395,1
1.4842,-0.30711,1
0.81387,0.44468,1
0.80985,0.017941,1
1.5872,-0.16877,1
1.4275,-0.11083,1
0.5397,-0.16308,1
1.6491,0.022286,1
1.433,-0.046601,1
0.61651,0.058607,1
0.96169,-0.37594,1
0.81841,0.13138,1
1.2174,-0.25809,1
0.75164,0.11046,1
1.2239,0.41626,1
1.1458,0.15393,1
0.7445,0.036163,1
1.0463,-0.15627,1
0.7428,-0.15922,1
0.6024,0.12392,1
0.64131,0.60724,1
1.4562,-0.079373,1
0.73152,-0.17539,1
1.2233,-0.27611,1
0.71941,-0.76605,1
0.90441,0.24354,1
0.76985,-0.32039,1
1.0665,0.2189,1
0.98337,0.067664,1
1.0152,-0.20262,1
1.6811,0.18759,1
0.33589,0.27002,1
0.89419,-0.13752,1
0.92156,-0.17952,1
0.65978,-0.20231,1
0.67586,-0.36627,1
0.96792,0.20706,1
0.91758,0.20953,1
1.2017,0.3444,1
1.3012,-0.17497,1
1.0938,-0.18835,1
0.72092,-0.76194,1
1.1497,-0.2243,1
0.53862,-0.046929,1
0.81843,-0.42687,1
1.2799,0.41033,1
1.0231,0.22511,1
0.38455,0.25945,1
0.86692,-0.18007,1
0.9885,-0.047007,1
1.0779,-0.0198,1
1.0125,-0.13413,1
1.2558,-0.41478,1
1.0319,0.083827,1
1.1626,0.03751,1
1.7314,0.077223,1
1.338,0.32998,1
0.85136,0.032801,1
0.89996,-0.14316,1
0.85534,-0.07198,1
1.036,0.88105,1
1.2818,0.093148,1
1.4142,-0.26258,1
0.75967,0.31657,1
0.8341,0.13293,1
0.77022,0.51453,1
1.4585,0.088907,1
1.4202,-0.11077,1
1.0751,0.0026106,1
0.91862,0.31506,1
0.70597,-0.27654,1
0.36507,0.063148,1
1.1055,0.28622,1
1.2556,-0.23281,1
1.2812,-0.13305,1
1.0272,-0.32352,1
1.1018,0.0028596,1
1.3623,0.46407,1
0.83475,-0.27791,1
1.2994,0.89977,1
1.1608,-0.15413,1
0.79437,0.049281,1
0.70511,-0.48355,1
0.545,-0.30833,1
1.0408,-0.3277,1
0.95643,-0.14862,1
0.77498,-0.64481,1
1.3581,0.37631,1
1.0333,0.40187,1
1.1863,0.062775,1
0.86489,0.18834,1
1.3891,-0.57396,1
1.7475,-0.28709,1
0.8238,0.093918,1
0.95861,0.12183,1
1.229,0.39382,1
1.1808,0.27404,1
0.25881,-0.12558,1
0.74488,0.16954,1
1.0286,-0.31948,1
1.0269,0.056381,1
0.64235,-0.19189,1
0.90954,0.18847,1
1.0712,-0.13057,1
0.40148,0.046888,1
0.99094,0.11113,1
0.45395,-0.11817,1
0.31605,-0.55126,1
0.56252,0.24268,1
1.0846,-0.33907,1
1.1284,0.30259,1
1.0713,0.04962,1
0.066895,-0.25035,1
1.0558,-0.096746,1
1.0638,-0.31282,1
1.0414,-0.36279,1
1.3403,0.14272,1
1.1403,-0.11051,1
1.6181,-0.40896,1
1.1937,-0.11309,1
0.75275,0.056501,1
1.3138,0.03331,1
1.404,-0.054317,1
0.85335,-0.082222,1
1.3912,-0.30872,1
1.4425,0.41261,1
0.80103,0.1448,1
1.4412,0.25226,1
1.0091,-0.23462,1
0.92593,-0.37302,1
0.58246,-0.23041,1
0.7779,-0.069641,1
0.46399,-0.32528,1
0.93692,0.3494,1
1.5658,0.17363,1
1.0377,-0.49986,1
0.83873,-0.45174,1
1.1083,-0.88788,1
1.1317,-0.049532,1
1.0476,-0.30242,1
1.0127,0.07956,1
0.66828,0.12821,1
0.81372,0.51768,1
1.3798,-0.0087225,1
0.99731,0.14101,1
1.1129,-0.0010318,1
1.0037,-0.11197,1
0.85931,-0.22562,1
1.1194,-0.39267,1
0.75311,0.44273,1
0.61626,-0.10164,1
1.2067,-0.0068755,1
0.91682,0.32898,1
0.83968,-0.37412,1
1.3321,-0.22472,1
1.3549,0.53062,1
0.82961,-0.087325,1
0.98402,0.025861,1
0.67189,-0.15628,1
0.61366,0.038923,1
0.88667,-0.042033,1
0.63583,0.25857,1
1.3338,0.21531,1
0.090085,0.052062,1
1.2858,0.20602,1
1.0351,-0.5374,1
1.2596,-0.28048,1
1.3368,0.51271,1
1.6636,0.29516,1
1.0568,0.26281,1
0.55411,0.32127,1
1.0085,0.23468,1
1.0244,0.31472,1
1.0268,0.21056,1
0.93202,-0.14061,1
1.1114,0.49091,1
0.74136,0.33479,1
1.0133,0.39684,1
0.88889,0.46879,1
1.0015,-0.056579,1
0.62785,-0.0076025,1
0.93141,-0.044342,1
0.75561,-0.6169,1
0.62266,0.53968,1
0.49083,0.21712,1
0.89872,0.55334,1
0.61663,0.013665,1
1.3192,0.49472,1
0.52873,0.16725,1
1.3075,-0.2822,1
1.0966,0.080871,1
0.97174,0.31435,1
0.92992,0.32773,1
1.855,-0.093906,1
0.8494,0.65091,1
0.97489,0.078148,1
1.3529,-0.27273,1
0.654,0.37107,1
0.96161,-0.054669,1
0.80918,-0.2841,1
1.4397,-0.11219,1
0.60792,0.40075,1
1.0327,-0.28127,1
1.0128,-0.034859,1
1.0746,0.043988,1
0.99917,0.31976,1
1.0665,0.24786,1
0.68208,0.016956,1
0.91877,-0.29235,1
0.4671,0.069604,1
0.88757,-0.10104,1
1.1602,0.31936,1
1.029,0.23581,1
0.71526,-0.34719,1
1.2422,0.050526,1
0.67682,-0.1227,1
0.48394,-0.10417,1
1.2885,-0.33532,1
0.63611,-0.50185,1
0.81768,-0.011087,1
1.2091,-0.22221,1
0.48753,-0.18874,1
0.85157,0.39253,1
0.81696,0.18645,1
0.85782,0.44886,1
0.93322,-0.015241,1
-0.27459,0.45138,1
0.75352,0.17305,1
1.1442,-0.017118,1
1.2872,-0.3445,1
1.5661,0.20799,1
0.56715,-0.10963,1
0.56942,-0.30037,1
0.60958,0.24369,1
0.83159,0.04669,1
1.3755,0.32069,1
1.1024,-0.22392,1
1.1273,0.15104,1
1.006,0.064341,1
1.0041,-0.56006,1
0.73781,0.12793,1
1.1018,-0.27931,1
0.59647,0.11563,1
1.2849,0.39308,1
0.67205,-0.22695,1
0.60622,0.37429,1
0.57029,0.20718,1
0.65147,-0.5139,1
0.82837,-0.18655,1
0.89932,-0.2027,1
0.71066,-0.26227,1
0.44437,-0.013588,1
0.60939,0.34275,1
0.54556,0.28521,1
1.2443,-0.084929,1
0.66542,-0.15334,1
1.3723,0.32438,1
0.94669,-0.034423,1
0.91886,-0.0030809,1
1.1897,-0.04347,1
0.82252,-0.007628,1
0.91482,-0.53903,1
1.3678,0.31935,1
0.75908,-0.060943,1
1.321,-0.23262,1
1.3607,-0.16299,1
0.60699,0.588,1
1.5405,-0.11907,1
1.3484,0.080277,1
1.2291,-0.44048,1
0.93167,-0.14042,1
0.97788,0.19465,1
1.144,0.027847,1
1.1396,0.15298,1
1.7079,-0.18288,1
0.77382,-0.11488,1
0.91264,0.061816,1
1.2348,0.039963,1
1.1606,-0.34678,1
0.68486,0.26955,1
0.82279,0.98615,1
1.0348,-0.18611,1
1.3589,0.22522,1
1.068,-0.66108,1
1.6778,0.22628,1
0.91022,0.34541,1
1.0377,-0.085602,1
0.88748,0.092468,1
0.858,0.13021,1
1.2278,0.44694,1
1.022,0.25442,1
0.67753,0.32131,1
1.2863,-0.017166,1
0.89635,-0.27341,1
0.64807,-0.029292,1
1.2103,-0.1404,1
0.55811,0.14197,1
0.65343,0.64092,1
0.97622,0.11988,1
0.80816,0.091025,1
1.1597,0.079349,1
0.26855,-0.1138,1
1.0454,-0.52836,1
0.77316,0.51179,1
1.7391,-0.16047,1
1.2009,0.097877,1
0.75284,0.11049,1
0.88199,-0.34176,1
0.95056,0.30485,1
1.5109,0.010056,1
0.8213,-0.24523,1
1.1996,0.11094,1
1.0116,-0.41519,1
1.0376,0.089524,1
0.72734,0.061298,1
1.0091,-0.10616,1
1.0059,-0.29831,1
1.2583,0.15809,1
1.4573,0.16669,1
1.3845,0.23814,1
1.1311,0.1617,1
1.1566,0.036448,1
0.93988,-0.14255,1
0.95945,0.082601,1
0.99143,-0.076545,1
0.96446,-0.47699,1
1.1076,0.19013,1
1.2207,0.26799,1
1.1524,0.08018,1
1.3598,0.76192,1
1.1339,-0.57913,1
0.66328,-0.14975,1
0.9993,-0.03,1
0.88392,-0.25707,1
1.3618,0.60561,1
1.2678,-0.068896,1
0.47036,0.24662,1
0.72693,0.45874,1
0.67705,-0.30499,1
1.0511,0.32994,1
1.0711,0.35624,1
1.2295,-0.63637,1
1.3586,0.19061,1
1.0329,0.17659,1
1.1027,-0.41272,1
0.53405,0.36794,1
0.84316,0.22149,1
0.96692,0.12553,1
1.2153,-0.06994,1
1.2222,0.27524,1
0.83457,0.63369,1
0.47516,0.25164,1
0.89274,-0.0051151,1
0.97471,0.099726,1
0.80393,-0.1232,1
1.1347,0.48802,1
0.92111,0.20388,1
0.74462,0.080554,1
1.1939,0.27514,1
0.90216,-0.069701,1
1.7266,0.068599,1
1.5029,-0.35987,1
0.76483,-0.27831,1
1.2023,-0.086572,1
1.089,-0.58268,1
0.64646,0.25144,1
1.0686,-0.11948,1
0.96538,-0.0098039,1
0.99624,-0.041564,1
0.87261,0.15898,1
1.2221,-0.17543,1
1.0595,0.13615,1
0.91293,0.11339,1
0.85267,0.58532,1
1.3192,-0.35099,1
1.0999,0.50506,1
0.87011,-0.42707,1
1.8792,-0.20154,1
1.7328,0.027351,1
1.2498,-0.56662,1
0.98091,-0.57346,1
0.40908,0.34908,1
1.5089,0.37684,1
0.98632,-0.089241,1
1.095,-0.41027,1
0.64898,0.1757,1
1.2361,0.27807,1
1.1938,-0.047324,1
0.99451,0.17697,1
1.2413,0.66645,1
0.85971,-0.21666,1
1.0235,0.090144,1
1.0009,0.91122,1
1.5499,-0.22341,1
1.1191,-0.11088,1
1.2696,0.20814,1
1.417,0.29391,1
0.61677,0.69524,1
1.3251,-0.063877,1
1.1239,-0.01535,1
1.2228,-0.0096703,1
0.8165,-0.091992,1
1.2687,0.29748,1
1.3646,-0.10398,1
1.0833,-0.10328,1
1.2718,0.0062819,1
0.71739,-0.19275,1
1.1643,0.24181,1
1.1745,0.16097,1
0.32048,-0.25737,1
1.6725,-0.27367,1
1.2986,-0.68242,1
0.97023,0.13081,1
1.0773,0.36912,1
0.8132,0.092673,1
1.2323,0.044058,1
0.76329,0.035544,1
0.82436,0.22828,1
0.89802,-0.45614,1
0.41164,-0.26326,1
1.0692,0.17948,1
0.73011,0.646,1
0.70115,-0.4332,1
1.1438,0.12266,1
1.2796,0.14038,1
1.3447,0.0498,1
0.82382,-0.038187,1
1.4294,-0.10705,1
0.93308,0.10201,1
1.0698,0.050432,1
0.60623,0.12038,1
1.7214,-0.26548,1
1.7345,-0.44505,1
0.78466,-0.34085,1
1.2378,-0.19078,1
0.26729,0.028472,1
1.0628,-0.27515,1
1.2851,-0.033382,1
1.0222,0.30701,1
0.98572,-0.087857,1
0.7089,0.14035,1
0.848,-0.05815,1
0.84129,0.37183,1
1.0524,-0.44029,1
1.8665,0.57474,1
0.65161,0.074909,1
0.42262,-0.14669,1
1.2335,-0.23001,1
0.95966,-0.014694,1
1.4817,-0.2774,1
1.195,0.16694,1
0.70877,-0.15559,1
0.58731,-0.0096332,1
1.2166,-0.21935,1
1.2953,0.037459,1
0.80246,0.07327,1
1.1531,-0.10061,1
1.267,0.32782,1
0.73624,-0.62182,1
0.89426,0.31606,1
1.2261,0.63717,1
1.1292,0.018451,1
0.73719,0.12105,1
1.1885,-0.0028809,1
1.2866,-0.35323,1
1.2406,0.13255,1
0.60255,-0.13927,1
0.87807,0.82576,1
0.98363,-0.32513,1
1.2122,0.17172,1
1.1966,-0.33868,1
0.98174,-0.19187,1
1.0106,0.016546,1
1.061,-0.16084,1
1.1497,-0.45919,1
1.1958,0.31692,1
0.54712,0.29415,1
0.60897,-0.15442,1
1.1363,0.14662,1
1.0084,-0.019366,1
1.474,0.012167,1
1.0401,-0.1624,1
0.70127,-0.11475,1
1.0322,0.017404,1
0.82065,0.052404,1
0.72542,0.54721,1
0.40092,0.24314,1
1.1276,0.25439,1
1.0392,-0.40503,1
1.0521,0.61651,1
0.7358,-0.31296,1
0.96636,-0.070441,1
0.7204,-0.13288,1
0.96474,0.14089,1
1.2904,0.35692,1
0.6649,0.061565,1
1.0867,-0.31013,1
1.182,0.13985,1
1.6081,0.030548,1
0.45594,0.50493,1
1.406,0.16226,1
1.4208,0.016479,1
0.78319,-0.034501,1
1.4867,0.35837,1
1.0042,0.23177,1
0.71294,0.033878,1
0.7771,-0.39512,1
0.95627,-0.30847,1
1.6939,-0.03894,1
0.54976,-0.034469,1
0.73014,0.2256,1
0.76613,0.41453,1
1.3826,0.18731,1
0.87258,0.19993,1
0.77001,-0.074705,1
0.87372,0.31486,1
0.37899,0.37224,1
1.076,0.24978,1
0.70474,0.17057,1
0.95671,0.18863,1
0.9972,-0.41059,1
0.34444,0.17021,1
1.0362,-0.1197,1
0.92419,-0.1396,1
1.0421,0.29728,1
1.0514,-0.057497,1
0.69552,0.35515,1
1.2853,0.43093,1
0.66597,0.33941,1
0.86577,-0.26841,1
1.2631,0.69542,1
1.0796,0.24556,1
0.74451,-0.02519,1
0.88255,0.19343,1
1.4649,-0.10202,1
1.0362,0.0096775,1
0.56949,0.038914,1
1.2081,0.054682,1
0.64391,-0.63907,1
1.0523,-0.35959,1
0.86559,0.18044,1
0.88229,-0.32599,1
1.0165,0.19808,1
0.96158,-0.070857,1
1.4852,0.34655,1
0.31243,0.13452,1
0.87193,0.14073,1
0.72462,0.48589,1
0.49798,0.1545,1
0.73953,0.090169,1
0.76641,0.24941,1
0.86513,-0.06435,1
1.1314,0.45811,1
0.62742,-0.63284,1
0.93178,-0.78678,1
0.79253,0.2961,1
1.1735,0.31772,1
1.494,-0.032293,1
0.61275,-0.18303,1
0.93093,-0.23082,1
1.2774,-0.43311,1
0.51828,0.17715,1
1.5629,0.12233,1
1.0651,-0.19592,1
1.131,0.1417,1
0.86152,-0.23966,1
1.0658,-0.18631,1
1.0296,0.094575,1
0.83946,-0.047796,1
1.0146,-0.08771,1
1.5642,0.33261,1
1.3347,-0.028489,1
1.3334,-0.021613,1
0.86328,0.46793,1
0.67739,-0.016239,1
1.2813,-0.54468,1
0.93757,0.41239,1
0.88903,-0.50087,1
1.0642,-0.056834,1
1.1865,0.0048587,1
0.87836,0.00040066,1
0.9592,0.11328,1
0.6535,0.24596,1
1.2784,-0.49991,1
1.5242,0.31771,1
0.95675,-0.31263,1
0.66592,-0.17491,1
0.93775,0.17977,1
1.0794,-0.021173,1
1.2145,-0.45017,1
0.84903,1.1931,2
0.70211,0.81931,2
0.1423,0.8174,2
0.61122,0.93063,2
0.04267,1.1336,2
0.21665,0.7792,2
0.32885,0.60129,2
0.098216,1.3699,2
0.97058,1.6063,2
0.27479,1.261,2
0.28478,0.86553,2
0.16933,0.79622,2
0.11294,0.91948,2
0.63251,0.46113,2
0.35408,1.1139,2
0.0023779,0.44814,2
0.12836,1.0043,2
0.20645,1.2493,2
0.13656,0.95354,2
0.75383,1.1825,2
0.72667,0.79991,2
0.17967,1.2622,2
-0.46936,1.2296,2
0.2828,1.4297,2
0.062227,0.77362,2
0.40652,0.72339,2
-0.059598,0.95449,2
-0.011793,1.0003,2
0.59762,0.32846,2
0.54334,0.64939,2
0.49166,1.3479,2
-0.036353,0.92674,2
0.38942,1.0253,2
0.31914,1.0594,2
-0.2115,1.0005,2
0.67085,1.62,2
0.75642,0.84667,2
0.020955,1.3089,2
0.21573,0.55659,2
0.42068,1.3787,2
0.26471,0.48629,2
-0.15002,0.74652,2
0.50616,1.3285,2
0.65047,0.9009,2
0.34325,1.241,2
0.88183,0.7273,2
-0.047045,1.279,2
0.034378,0.9969,2
0.10954,0.84136,2
0.60817,1.1999,2
0.90826,0.78766,2
0.30802,1.0101,2
0.47419,0.76402,2
0.25504,1.0354,2
-0.11744,1.027,2
0.2258,1.0869,2
1.0907,0.781,2
0.50313,0.71811,2
0.17803,0.98382,2
0.72362,1.0023,2
0.43923,0.8397,2
0.57813,0.9261,2
-0.20235,1.1289,2
0.090428,1.0694,2
0.27994,1.2519,2
0.79904,1.3398,2
0.33707,0.76035,2
0.1074,0.44412,2
0.2727,0.49611,2
0.082151,0.71891,2
0.40519,1.076,2
0.33885,0.57124,2
0.46068,1.116,2
0.033324,0.76202,2
0.70597,1.3405,2
-0.10736,0.65908,2
0.21335,1.1907,2
0.074121,0.78988,2
0.57382,1.0907,2
0.21962,0.76319,2
0.22927,1.1724,2
0.64792,0.76568,2
0.18693,1.287,2
0.45851,1.4073,2
0.13434,0.47784,2
0.069317,1.0947,2
0.29155,1.1113,2
0.59633,0.86823,2
0.23315,0.50366,2
0.19019,1.2318,2
0.48795,0.29271,2
0.35499,0.90082,2
-0.17762,1.4264,2
0.49553,1.0482,2
0.26422,0.94066,2
0.63353,0.79085,2
0.098369,0.69726,2
0.53746,0.99921,2
-0.051009,1.314,2
0.78073,1.7371,2
-0.3246,0.87181,2
0.17716,1.1713,2
0.43493,0.91299,2
0.68846,1.102,2
0.54679,1.2172,2
0.48466,0.52105,2
0.65942,1.1237,2
0.21269,0.76984,2
0.28051,1.0826,2
0.434,1.1368,2
-0.10648,0.46462,2
-0.44172,0.6731,2
0.72875,0.67758,2
0.2478,1.0275,2
0.44002,1.0005,2
-0.20097,1.1371,2
0.64185,1.1179,2
-0.17418,1.3964,2
0.44903,0.93543,2
0.76164,0.96273,2
0.71368,0.90451,2
0.22698,1.0472,2
0.59918,0.63918,2
0.28979,0.74657,2
0.16092,1.0788,2
0.1049,0.91946,2
-0.30468,0.55558,2
-0.14695,1.3548,2
0.3617,0.93475,2
-0.14703,0.79218,2
0.11955,0.69214,2
0.58938,0.9767,2
0.37631,0.9188,2
0.20786,0.95524,2
0.42406,0.95831,2
-0.29022,0.78119,2
0.37405,0.65957,2
0.34417,0.77553,2
-0.21477,0.54405,2
0.69922,0.4178,2
-0.16136,0.88263,2
0.53848,0.63355,2
0.20467,1.4435,2
0.15102,0.22228,2
0.14071,1.3964,2
0.17331,1.2663,2
-0.025356,0.91867,2
0.051297,0.6711,2
0.089832,0.43828,2
0.52195,1.1486,2
-0.067485,0.87136,2
0.32229,0.8281,2
0.39462,1.3659,2
-0.1248,1.3312,2
0.76772,1.1043,2
-0.27809,0.31355,2
0.30421,1.0988,2
-0.12866,1.2042,2
0.31844,0.61898,2
0.18295,0.57494,2
0.16882,1.0284,2
0.067,0.38969,2
0.41416,0.98306,2
0.16136,0.63072,2
0.20146,1.1967,2
0.61996,0.56991,2
0.67628,1.2183,2
0.51551,0.61386,2
0.23742,1.2061,2
0.42132,0.56065,2
0.075464,0.44485,2
0.16358,0.92173,2
-0.071523,0.99681,2
0.10499,1.2793,2
0.0067685,1.0972,2
-0.030898,0.85388,2
0.23459,0.71265,2
0.6909,1.0716,2
0.16887,0.40576,2
0.64779,0.63481,2
0.45136,1.0172,2
0.32213,0.87026,2
0.23493,1.2271,2
0.30437,1.3216,2
1.3538,0.93406,2
0.63712,1.4812,2
0.51956,0.58147,2
0.63108,0.4998,2
0.26704,1.4243,2
0.77341,0.43558,2
0.48686,0.636,2
0.36895,0.72126,2
-0.022512,1.0252,2
0.098324,0.98053,2
0.26592,1.4843,2
0.12649,0.77231,2
0.050312,1.1156,2
0.26886,1.0209,2
1.0643,1.0214,2
0.28198,1.254,2
0.87795,0.8679,2
0.23533,1.2367,2
0.33009,1.1489,2
0.22038,0.43017,2
0.5953,1.2078,2
0.60704,0.64758,2
0.37758,0.79481,2
0.99467,1.5815,2
0.93668,0.74105,2
0.24453,0.73506,2
0.69932,1.2349,2
0.57042,0.83191,2
-0.062692,0.83474,2
0.27322,0.65282,2
0.55158,1.0724,2
0.74,0.96944,2
0.13806,0.6302,2
0.021864,0.78354,2
-0.15592,0.65961,2
0.16862,0.64438,2
0.019685,0.96369,2
0.30792,1.1006,2
0.17317,1.4297,2
0.56873,1.1957,2
0.36374,0.96271,2
0.4898,0.78655,2
-0.042692,0.34268,2
0.20552,0.1171,2
0.25418,0.90099,2
0.068702,1.1446,2
0.26077,1.4309,2
0.39569,0.88969,2
0.30913,0.64616,2
0.69124,0.66103,2
0.094971,1.0262,2
0.22044,1.5576,2
0.27403,0.91136,2
0.51623,0.52314,2
0.43364,0.489,2
-0.15566,1.3365,2
-0.055405,0.94387,2
0.41973,0.87134,2
0.42313,0.81887,2
0.44902,0.99906,2
0.29181,0.83445,2
0.7569,0.70189,2
0.52344,0.95646,2
-0.36289,0.78731,2
-0.47461,1.2847,2
-0.00053002,1.1435,2
0.55455,1.3161,2
0.37329,0.8326,2
0.24349,0.8415,2
0.52605,1.0983,2
0.81443,0.66502,2
0.28121,1.2466,2
1.2404,1.1291,2
0.40542,0.88356,2
0.48649,0.77085,2
0.044813,0.41137,2
0.35368,0.48163,2
0.48756,0.69832,2
0.077058,1.2174,2
0.26955,1.1548,2
0.59,1.1028,2
0.29733,0.71449,2
0.55531,0.9386,2
0.45908,1.2922,2
0.22751,0.95924,2
0.52473,0.70117,2
0.061767,0.28923,2
0.054677,1.0735,2
-0.086023,0.85971,2
0.15179,0.78991,2
0.43769,0.25972,2
0.097886,0.90253,2
0.076388,0.96315,2
0.37361,1.3106,2
0.14527,1.3314,2
0.056699,0.95246,2
0.058681,0.86031,2
-0.080442,1.1266,2
0.48607,0.8802,2
-0.40005,1.1123,2
0.29467,1.165,2
0.33269,0.65948,2
0.55497,0.95735,2
0.41619,1.0474,2
0.40507,0.77654,2
0.73865,0.34047,2
-0.19223,1.1536,2
0.026594,0.29943,2
-0.011713,1.3255,2
0.14822,1.1139,2
-0.072438,1.5839,2
0.63067,1.2309,2
0.31959,0.90586,2
0.30777,0.6464,2
0.40319,1.1982,2
0.10898,0.45562,2
-0.24021,0.95729,2
0.22743,0.87765,2
0.28107,0.66967,2
0.18045,1.3251,2
1.1375,1.0625,2
0.30149,0.95302,2
0.15987,0.66815,2
0.85142,1.5408,2
0.29056,0.75015,2
0.59959,1.0013,2
0.35614,0.53232,2
0.033002,0.72257,2
0.76853,0.58482,2
0.24364,0.70858,2
0.42179,0.54608,2
-0.20394,1.3023,2
0.83206,1.2719,2
0.48372,0.85086,2
0.86183,1.5217,2
0.25987,0.37288,2
0.37939,0.96493,2
-0.095014,1.0258,2
0.29877,1.1641,2
0.043903,0.99348,2
0.23083,0.65356,2
0.0663,0.98413,2
0.32252,1.5813,2
0.61298,0.73249,2
0.58376,0.84347,2
-0.0024934,0.49703,2
0.41276,0.87143,2
-0.75147,1.1704,2
0.22303,1.5377,2
0.42227,0.518,2
0.33324,1.1597,2
0.88824,1.0959,2
0.7111,0.97962,2
0.67115,1.0412,2
0.17451,1.04,2
-0.039579,1.1458,2
0.36551,0.24788,2
0.3905,0.675,2
0.22103,0.75706,2
0.65773,1.212,2
0.26733,0.54976,2
0.5068,0.81623,2
1.0852,0.88381,2
0.29475,1.6867,2
0.38499,1.1572,2
0.027287,0.79905,2
0.42046,0.75662,2
0.30047,0.83994,2
0.48864,0.62443,2
0.48307,1.0378,2
0.066597,1.0597,2
0.24246,0.7331,2
0.46815,1.2846,2
-0.12127,1.2593,2
0.35167,0.80372,2
0.20441,0.67768,2
0.25608,1.2658,2
0.27562,0.82766,2
-0.18068,0.83497,2
0.17554,1.5267,2
0.60314,0.93749,2
-0.24931,0.94328,2
0.53426,0.60311,2
0.85745,0.81883,2
0.18917,0.28627,2
0.51511,0.20481,2
-0.31273,0.6514,2
0.60631,0.60857,2
-0.14295,0.77054,2
0.40416,1.2279,2
0.19823,0.70886,2
0.2344,1.217,2
0.76671,0.68892,2
0.83223,1.1353,2
0.4659,0.34425,2
0.26458,1.0319,2
0.22285,0.73799,2
0.34957,0.73069,2
-0.27994,0.47536,2
0.20539,1.3792,2
0.94298,1.0204,2
-0.091136,1.058,2
0.73829,1.2009,2
0.69287,0.86922,2
0.40095,0.60637,2
0.22261,1.2476,2
0.46258,0.88102,2
0.9869,0.90193,2
0.25221,1.3543,2
0.86322,0.64781,2
0.45371,0.87872,2
0.29574,0.81973,2
0.77602,0.44836,2
0.091855,1.2553,2
0.29675,0.99145,2
0.36318,0.78348,2
0.336,0.76939,2
0.70654,1.1167,2
0.48604,1.4601,2
0.24117,0.3742,2
-0.0072003,1.1768,2
0.088,1.2827,2
0.58361,1.2057,2
0.66559,1.3421,2
0.78646,1.6425,2
0.14797,0.66237,2
0.070393,1.1385,2
0.69508,1.0204,2
0.15312,0.81306,2
0.68162,0.95657,2
-0.60384,1.3272,2
0.3778,0.8621,2
0.48453,1.4682,2
0.29702,1.1126,2
-0.03668,1.0076,2
0.24037,0.89695,2
0.45468,1.0086,2
0.21657,0.78882,2
0.53908,1.5052,2
0.52181,0.83146,2
0.42652,0.8019,2
0.28009,1.4302,2
0.10911,0.60263,2
0.11191,0.77518,2
0.87968,1.0467,2
-0.11069,0.3717,2
0.017941,0.96886,2
0.16448,0.98414,2
0.65096,0.70187,2
0.14943,1.0643,2
0.0027807,0.7953,2
0.0048201,0.74847,2
0.5318,0.96591,2
0.58333,0.89881,2
0.18364,1.3343,2
0.60825,0.65067,2
0.28795,0.81855,2
0.59348,-0.0025216,2
0.11147,1.0509,2
0.94534,0.71982,2
0.4891,0.9299,2
0.30194,1.309,2
0.3811,1.1391,2
0.025742,0.70723,2
-0.066255,0.94214,2
-0.14148,1.178,2
-0.56506,0.75163,2
0.37155,1.1594,2
0.89586,1.649,2
0.044458,0.41565,2
0.29964,1.5334,2
0.051081,0.89178,2
0.18367,0.65971,2
0.48231,0.19623,2
0.50016,1.01,2
0.73589,1.0973,2
-0.1712,1.1326,2
0.45963,1.1142,2
0.66721,0.63581,2
0.16731,0.9984,2
0.59603,0.89538,2
0.095203,1.0618,2
0.56721,0.9824,2
0.11048,1.1454,2
-0.010511,1.0356,2
0.4438,0.98411,2
0.86714,0.77424,2
0.38663,1.0222,2
0.89412,0.17533,2
0.97146,0.62384,2
0.29064,0.98227,2
0.42161,1.1152,2
0.98807,0.58196,2
0.15852,0.91366,2
0.47772,0.62213,2
0.36277,1.0384,2
0.34947,0.81333,2
-0.11856,0.64551,2
0.33448,0.56607,2
0.35178,1.5522,2
0.20785,1.1297,2
0.65014,1.3782,2
-0.30636,1.2374,2
0.15788,0.6089,2
0.51844,1.4337,2
0.76963,0.9032,2
0.37173,1.2708,2
0.52675,0.24823,2
0.37552,0.65234,2
0.37138,0.83889,2
0.47298,0.85308,2
-0.080076,1.3482,2
0.19185,0.96082,2
0.29712,0.77317,2
0.044723,0.89529,2
0.58102,1.1256,2
0.339,0.92376,2
-0.027897,1.12,2
-0.036907,0.87529,2
-0.1051,0.53423,2
0.027386,1.493,2
0.15877,1.5048,2
0.25851,1.2692,2
0.20159,1.1087,2
0.039744,0.97619,2
0.7254,1.0985,2
0.36651,0.41019,2
0.66447,1.1353,2
0.1405,1.3533,2
0.075178,0.9396,2
0.30997,1.5695,2
0.21077,0.85516,2
0.39664,1.2452,2
0.74461,0.41013,2
0.23287,1.1345,2
0.55429,1.5565,2
0.069051,0.37588,2
-0.032132,1.4311,2
0.47955,0.77136,2
-0.11177,0.95811,2
0.46974,0.77521,2
0.42955,0.74366,2
-0.035747,1.1353,2
0.75974,1.0204,2
0.4254,0.78508,2
-0.020865,0.44878,2
-0.27609,0.97877,2
0.16996,0.7758,2
0.24217,1.2175,2
0.33684,0.22952,2
0.40263,1.0039,2
0.83436,1.1372,2
0.087492,1.4094,2
0.39176,0.87639,2
0.31579,0.83592,2
0.34692,0.80043,2
-0.082899,0.64778,2
0.61608,0.89198,2
-0.017367,0.90752,2
-0.036265,0.77426,2
-0.19377,1.0396,2
0.73577,1.0447,2
0.48324,0.92028,2
0.29443,0.85264,2
0.3376,1.0984,2
0.47228,1.1212,2
0.027924,1.3335,2
0.13769,1.2982,2
0.1914,1.1494,2
0.64007,0.98092,2
0.20555,0.30109,2
0.25675,0.90844,2
0.54094,1.3339,2
0.20551,0.14383,2
0.58486,0.54623,2
0.42714,0.4075,2
0.43271,1.1541,2
0.16765,0.92197,2
0.78839,0.40288,2
0.56185,0.97893,2
0.22129,1.1881,2
0.79411,1.3438,2
-0.13941,1.4456,2
-0.014584,1.0614,2
-0.12026,1.5322,2
-0.32555,0.97191,2
0.59942,0.64309,2
0.17162,0.98041,2
-0.075572,1.1621,2
0.29024,1.0163,2
0.084822,0.83076,2
0.55129,1.0075,2
0.58087,0.94643,2
0.66445,0.74842,2
0.97511,1.4179,2
0.78207,1.1869,2
0.55391,1.4176,2
0.30074,1.089,2
-0.11235,0.53632,2
0.17401,1.6257,2
-0.15606,0.64857,2
0.24737,1.349,2
0.31917,0.92921,2
0.5345,1.0645,2
0.40829,1.1171,2
0.02525,0.63264,2
0.54449,0.36277,2
-0.26943,0.59632,2
0.14263,0.23811,2
0.51087,1.1435,2
0.59257,0.79248,2
-0.15487,1.0127,2
0.20194,0.4009,2
-4.4798e-05,0.46362,2
0.57848,1.175,2
0.80782,0.52956,2
0.1152,0.98246,2
0.035313,0.545,2
0.11212,1.1816,2
0.8064,1.0392,2
0.15219,1.6383,2
0.29328,1.5455,2
-0.11091,1.2522,2
0.54624,1.0112,2
0.68691,1.4764,2
0.35566,0.98894,2
-0.22069,0.93969,2
-0.081718,1.0957,2
0.088749,1.1312,2
0.39631,0.62328,2
-0.072744,0.74935,2
0.12515,1.346,2
0.078034,1.3137,2
0.27381,1.1766,2
-0.0029926,0.69299,2
0.73922,0.65604,2
0.084763,0.5144,2
0.47013,1.2394,2
0.56532,0.66028,2
0.37238,1.1951,2
0.99146,1.1491,2
0.098763,1.0132,2
0.16116,1.0298,2
0.48568,1.5998,2
0.94733,0.91784,2
0.41393,0.57549,2
-0.44622,0.57494,2
0.63795,1.4391,2
0.32264,1.0776,2
0.56074,0.86648,2
0.67527,1.0868,2
-0.083476,0.43921,2
0.19986,0.57595,2
0.32733,0.42862,2
0.18512,1.2673,2
0.4972,1.0966,2
0.60778,0.76736,2
0.47317,0.7535,2
0.34626,0.40114,2
0.072742,1.2067,2
0.064156,1.1673,2
0.12493,0.63792,2
0.54643,1.0869,2
0.47965,0.52758,2
0.36482,1.0324,2
-0.095622,1.1541,2
0.27931,0.49197,2
0.45874,0.95053,2
-0.023792,0.18138,2
0.71356,0.45945,2
0.3692,1.1456,2
-0.16013,0.93723,2
0.36627,0.94688,2
-0.17061,0.77502,2
0.24644,0.43317,2
0.58894,1.0678,2
0.10165,0.54947,2
-0.058869,0.31218,2
-0.010993,0.736,2
0.37245,1.4188,2
-0.13582,1.2861,2
1.2466,0.48262,2
0.08787,0.80575,2
0.32647,1.1168,2
-0.098421,0.92589,2
0.43992,0.40856,2
0.073205,0.85918,2
0.68561,1.2156,2
0.28362,0.90846,2
0.30249,1.141,2
0.62208,0.92287,2
0.27691,1.0868,2
0.54753,1.3114,2
-0.069446,1.3686,2
0.34204,0.90804,2
0.60443,0.91043,2
0.40468,0.29709,2
0.36869,1.3897,2
0.40326,0.93546,2
1.0522,1.0477,2
-0.005304,0.76911,2
0.52689,1.2839,2
0.22739,1.1061,2
0.42328,1.0062,2
0.018647,1.0589,2
0.35615,0.53543,2
0.44596,1.1252,2
0.054423,0.93421,2
0.2418,1.1397,2
0.82638,0.7877,2
0.77694,0.9485,2
0.11447,1.1881,2
0.26662,1.044,2
0.64771,0.56232,2
0.26234,1.2569,2
-0.16131,1.3315,2
0.41166,1.1163,2
0.39841,0.85144,2
0.49284,0.39454,2
0.001312,0.21944,2
0.14043,1.3554,2
0.28336,1.2201,2
0.42114,1.2495,2
-0.1452,0.32014,2
0.54951,0.94288,2
0.35448,1.0404,2
0.74271,1.0516,2
1.4104,0.7503,2
0.27109,1.0579,2
0.063181,0.86466,2
0.0031461,1.0685,2
0.19129,0.69824,2
0.77455,1.3273,2
-0.00035673,0.93804,2
1.1289,0.80144,2
-0.0024618,0.38457,2
0.41295,1.0617,2
-0.20567,0.92027,2
-0.098598,0.39266,2
0.37339,0.96676,2
0.054812,0.49287,2
0.75556,0.4839,2
0.12214,0.99039,2
0.5873,0.99855,2
0.12917,0.58098,2
-0.78179,1.0922,2
0.64906,0.74805,2
0.43964,1.1911,2
0.26983,0.62211,2
0.24398,0.97314,2
0.63379,0.51728,2
-0.14684,0.9612,2
0.2541,0.95523,2
0.6136,0.98696,2
0.060495,1.2906,2
0.36049,1.428,2
0.23181,1.0288,2
0.46393,1.2826,2
-0.10548,1.0686,2
0.55846,0.54046,2
-0.19225,0.69204,2
0.54973,1.2508,2
0.32727,0.89062,2
0.38472,0.83801,2
-0.14946,1.3225,2
0.40662,1.0052,2
0.30103,1.1514,2
0.24899,0.82603,2
-0.08797,1.193,2
0.80772,0.98352,2
0.64738,1.2589,2
0.61683,1.0589,2
0.60127,0.90423,2
-0.21444,0.81531,2
0.035075,0.94896,2
0.65174,0.61287,2
0.93752,0.70603,2
0.42758,0.42996,2
0.30878,1.0834,2
0.54985,1.0178,2
0.11397,0.67488,2
0.20876,0.94992,2
-0.079928,0.94024,2
0.35924,0.81963,2
0.22846,0.77922,2
0.66118,0.91233,2
0.72095,1.3332,2
0.095597,0.93724,2
0.041941,0.58894,2
0.33214,0.93713,2
0.37022,1.1069,2
0.035503,0.90122,2
0.1134,0.81564,2
0.34547,0.53507,2
0.27322,1.1169,2
0.375,0.93728,2
-0.3718,1.1442,2
0.29296,0.97196,2
0.16461,1.1551,2
0.18475,0.97248,2
0.29987,0.76897,2
0.26504,0.91661,2
0.4153,0.77606,2
0.48153,0.46999,2
0.20164,0.85761,2
0.18956,0.7504,2
-0.16208,0.48694,2
0.38492,1.0622,2
-0.045718,1.0996,2
0.10562,1.0965,2
0.24308,0.95632,2
-0.040084,0.89142,2
0.62318,0.94434,2
0.33963,0.8135,2
0.48767,1.0604,2
0.34083,1.3509,2
0.40369,1.1675,2
0.20698,1.1168,2
0.16969,1.2231,2
0.77047,1.0397,2
0.67007,1.5926,2
0.44524,1.0557,2
0.25805,0.8784,2
0.061671,0.61293,2
-0.17707,1.2448,2
0.6782,0.82068,2
0.26798,0.79281,2
0.55909,1.0093,2
0.75186,0.92194,2
-0.1279,0.98587,2
0.076664,0.89318,2
0.22224,1.0788,2
0.099333,1.0717,2
-0.052408,1.2335,2
0.33123,1.3482,2
0.16001,0.90575,2
0.11964,0.56761,2
0.31568,1.2493,2
0.39385,0.68612,2
0.040153,1.5142,2
0.26551,1.5617,2
0.040831,0.92249,2
0.23671,0.46528,2
0.43675,1.0973,2
0.27223,1.1659,2
0.15243,1.1241,2
-0.20972,0.9907,2
0.32968,1.1954,2
0.17656,0.85121,2
0.36899,0.95206,2
0.59653,1.069,2
0.39097,0.81852,2
0.0036022,1.0137,2
0.031117,0.52295,2
0.37323,0.54643,2
0.076528,1.0446,2
0.32446,0.78334,2
0.01814,0.57216,2
0.45177,0.69433,2
0.16303,0.93091,2
0.16319,1.1526,2
-0.33056,0.78546,2
0.17955,0.628,2
0.34393,0.70398,2
0.27835,0.85622,2
0.38132,0.82971,2
0.93221,0.86336,2
-0.22996,1.1089,2
0.11996,0.79682,2
0.86282,1.0937,2
0.52392,0.77829,2
0.62094,0.46505,2
0.42195,1.048,2
0.53853,0.3602,2
0.21175,1.0941,2
0.59633,1.2912,2
-0.19327,0.58699,2
0.43271,0.78705,2
0.63969,1.6371,2
0.47695,1.1965,2
0.38515,0.84675,2
0.57418,0.96036,2
0.29364,0.60332,2
0.20823,0.73094,2
0.64101,0.87575,2
-0.35415,1.403,2
0.20963,0.42506,2
0.63499,0.4664,2
0.14002,0.80014,2
0.3447,1.1947,2
0.62961,1.6261,2
0.59893,0.6692,2
0.28259,1.2953,2
-0.49754,1.1884,2
0.40107,1.6106,2
0.31465,0.53078,2
-0.14734,0.50759,2
0.58132,0.9368,2
0.083652,1.0141,2
0.7317,0.66854,2
0.075023,0.86991,2
0.58691,1.2364,2
-0.016962,0.49513,2
0.6851,0.84307,2
0.25471,0.91326,2
0.31783,1.065,2
-0.25935,0.88406,2
0.43588,1.0406,2
0.46427,0.31888,2
0.32838,0.83475,2
0.38274,0.79395,2
0.63519,0.96949,2
0.66651,1.1657,2
0.37184,0.29768,2
0.93854,0.60042,2
0.08212,1.1708,2
0.28041,1.4406,2
0.74002,1.1968,2
0.41857,1.5157,2
0.41549,1.1005,2
0.19984,1.3811,2
-0.082676,0.57012,2
0.76957,1.1206,2
-0.18675,0.88958,2
0.52793,0.38805,2
0.66707,0.75318,2
0.32199,0.98522,2
-0.28938,0.80046,2
0.052309,0.66928,2
0.51648,1.276,2
0.057688,1.5012,2
0.67696,1.0601,2
0.56143,0.76592,2
0.19789,0.60595,2
0.049387,0.4335,2
0.37843,0.83389,2
0.31482,0.42368,2
0.32071,0.48146,2
0.67052,1.1741,2
0.45923,0.93475,2
0.79967,1.3926,2
-0.12333,0.62105,2
-0.01974,0.89595,2
0.63763,0.84029,2
-0.1323,0.86243,2
0.054931,1.0221,2
0.029016,0.89369,2
0.38391,1.07,2
0.27288,1.2137,2
0.64317,1.1834,2
0.59176,0.92902,2
0.49564,0.93914,2
0.024689,0.95255,2
0.091774,0.86544,2
0.20461,1.7458,2
-0.013972,1.1502,2
-0.11939,1.3238,2
-0.013567,1.0929,2
0.04488,0.55482,2
0.46709,0.69317,2
0.41162,0.69337,2
0.12812,0.88302,2
0.00019567,1.107,2
0.28416,1.3624,2
0.24024,0.92285,2
0.028073,1.1305,2
0.17842,1.2446,2
0.5783,1.3945,2
0.15179,1.0706,2
0.78328,0.56595,2
0.58798,0.86274,2
0.50966,1.2526,2
0.3732,0.81917,2
-0.15512,1.4467,2
0.036467,1.3847,2
0.30827,0.71456,2
0.58783,1.6674,2
0.47932,0.72425,2
0.46667,1.4027,2
0.11973,1.4653,2
-0.010933,0.49348,2
0.37896,0.83459,2
0.10689,1.017,2
0.065395,0.92433,2
0.12549,0.63534,2
0.65162,1.1108,2
0.55646,0.70934,2
0.3197,1.1298,2
0.2986,1.3676,2
0.47737,1.1606,2
0.36862,0.58397,2
0.030518,1.0127,2
0.048117,1.6413,2
0.21648,0.67016,2
0.75178,1.3112,2
0.29682,0.72002,2
0.44545,0.97646,2
0.21554,1.2425,2
0.59294,0.95119,2
0.41039,0.87239,2
0.38058,0.95323,2
-0.088227,0.97164,2
0.4743,1.3007,2
0.1315,0.83735,2
0.6906,1.0914,2
0.33217,1.0199,2
0.32291,0.76687,2
0.11101,0.72934,2
0.49594,0.58624,2
0.069145,0.96649,2
0.755,1.1736,2
0.75228,0.92186,2
0.92216,0.44758,2
-0.0047607,0.51833,2
0.2914,0.45869,2
-0.078981,0.72335,2
-0.71897,0.38114,3
-0.90917,0.68808,3
-1.3409,1.0664,3
-0.96194,0.55204,3
-0.77652,0.69549,3
-0.4069,0.78959,3
-0.43177,0.85952,3
-1.254,1.0805,3
-0.93494,0.92283,3
-1.0306,1.1132,3
-0.53975,0.80895,3
-0.43008,0.72311,3
-0.83956,0.46129,3
-1.0134,0.79259,3
-0.91538,0.0032397,3
-0.81866,0.85,3
-0.64159,0.027667,3
-0.70367,0.34506,3
-1.231,0.5663,3
-1.2187,0.28886,3
-0.72309,0.032115,3
-0.89952,0.82111,3
-1.2824,0.96649,3
-0.54312,0.17663,3
-0.90621,0.82725,3
-0.4542,1.3019,3
-0.95858,0.99643,3
-0.70444,0.28207,3
-0.69802,0.85716,3
-0.73132,0.99675,3
-0.39285,0.70748,3
-0.73734,0.52103,3
-0.92748,-0.0054814,3
-0.7751,0.29991,3
-0.49866,0.58109,3
-0.86669,0.053158,3
-0.85094,0.82691,3
-0.78157,0.76592,3
-1.151,0.5838,3
-1.156,0.66169,3
-1.0462,0.72435,3
-0.45077,0.23056,3
-0.516,0.83788,3
-1.1325,1.0277,3
-1.0209,0.31198,3
-1.1431,0.82128,3
-1.0833,0.50144,3
-0.67319,0.50043,3
-0.55381,0.47512,3
-0.46055,0.4038,3
-0.56093,0.55559,3
-0.64767,0.18842,3
-0.68685,0.42317,3
-0.5179,0.60259,3
-1.376,1.0622,3
-0.28161,0.45453,3
-0.83468,0.29642,3
-0.52284,0.39224,3
-0.45751,0.063909,3
0.0067303,0.36318,3
-1.1742,0.36183,3
-1.2165,0.70191,3
-1.3627,0.78812,3
-0.65667,0.4965,3
-0.41211,1.066,3
-0.38279,-0.26124,3
-1.0947,0.075965,3
-0.44298,0.67581,3
-0.69563,0.85686,3
-1.0372,0.82274,3
-0.74683,1.0404,3
-0.90558,0.83777,3
-0.70325,0.32089,3
-0.6746,0.077162,3
-1.0107,0.57838,3
-0.87751,0.70538,3
-0.98038,0.54036,3
-0.68622,-0.025376,3
-1.3241,0.62901,3
-0.62144,1.0126,3
-0.33604,-0.083466,3
-0.53307,0.34658,3
-1.0691,0.95888,3
-0.76295,0.040619,3
-0.69633,0.76179,3
-0.73863,0.4251,3
-0.93645,0.66811,3
-1.135,1.1365,3
-0.96343,0.82076,3
-0.69476,0.54437,3
-0.76238,0.71526,3
-1.004,0.47638,3
-0.30268,0.56792,3
-0.84646,0.61297,3
-1.1597,0.43239,3
-1.1872,0.57081,3
-0.95596,0.89168,3
-0.94826,0.78051,3
-0.39185,0.44274,3
-0.65291,0.19067,3
-0.21712,0.44065,3
-0.31517,0.28764,3
-0.88094,0.32989,3
-0.80294,1.0419,3
-1.3257,0.61066,3
-0.36119,-0.020411,3
-0.94438,0.034963,3
-0.81182,0.82898,3
-0.77917,0.65716,3
-0.70362,0.74959,3
-0.94275,1.0813,3
-0.50345,0.43545,3
-0.62112,0.51023,3
-0.27333,0.31897,3
-0.81725,0.19576,3
-0.79032,0.29123,3
-0.50504,0.71665,3
-0.86281,0.86782,3
-0.86811,0.42805,3
-0.8602,0.14864,3
-0.49605,0.79819,3
-0.79793,-0.031994,3
-0.62137,0.38213,3
-1.0782,0.16247,3
-0.65666,0.35631,3
-0.89662,0.51163,3
-0.42055,1.0987,3
-0.72076,0.84858,3
-0.76506,0.45336,3
-0.59683,0.58879,3
-0.13281,0.1428,3
-0.34979,0.5241,3
-0.67254,0.62633,3
-0.75662,0.36461,3
-0.61746,0.48233,3
-0.66563,0.8035,3
-0.91936,0.16526,3
-0.79775,0.9308,3
-0.88012,1.1356,3
-1.4193,0.40004,3
-0.48057,0.66241,3
-1.2481,0.58079,3
-1.0979,0.52978,3
-0.46923,0.25385,3
-0.52849,0.45458,3
-0.9433,0.78642,3
-1.298,0.81405,3
-1.2383,0.30594,3
-1.1682,0.62611,3
-0.94796,0.74917,3
-1.6872,0.99227,3
-0.58402,0.73874,3
-0.92927,-0.025326,3
-0.85056,0.38891,3
-0.9398,0.37335,3
-0.75305,0.45527,3
-0.83169,0.45151,3
-0.65343,0.8942,3
-0.20238,0.61234,3
-1.4046,1.1691,3
-0.64838,0.71492,3
-1.218,0.51465,3
-0.2309,0.82932,3
-0.80587,0.40882,3
-1.1791,0.4314,3
-1.0449,0.54615,3
-0.96143,0.18863,3
-1.2316,0.45728,3
-0.36823,0.29685,3
-1.3101,0.34433,3
-0.87971,0.42794,3
-1.3344,0.10409,3
-0.6634,0.4327,3
-0.9537,0.58914,3
-0.45007,1.0518,3
-1.0972,1.0053,3
-0.77739,0.50961,3
-0.99931,0.52757,3
-1.0952,0.94967,3
-0.53167,0.66529,3
-0.2907,0.24139,3
-0.51473,0.47299,3
-0.25991,0.48847,3
-0.69485,0.16639,3
-0.65364,0.50881,3
-0.69591,1.0702,3
-0.96901,0.83066,3
-0.53837,0.95216,3
-0.95658,0.61366,3
-0.71492,0.59313,3
-0.44354,0.92199,3
-0.78634,0.48434,3
-1.1408,0.68363,3
-0.97388,0.35087,3
-1.1989,0.0074201,3
-0.64255,0.41909,3
-1.1312,0.64274,3
-1.2185,0.8873,3
-0.46924,0.62836,3
-1.3198,0.1937,3
-0.55393,0.82573,3
-0.75361,0.59096,3
-0.80977,0.39018,3
-1.1417,0.39299,3
-1.0351,0.21699,3
-0.82406,0.67218,3
-0.40966,0.77953,3
-1.1291,0.67813,3
-0.64424,0.7959,3
-1.0789,0.62098,3
-0.57621,0.61166,3
-0.85899,0.48027,3
-0.79926,1.0827,3
-0.20092,0.25195,3
-0.93768,0.73396,3
-0.35905,0.9632,3
-0.904,0.83168,3
-0.91136,0.89127,3
-0.68811,0.57024,3
-1.2462,0.41596,3
-0.86632,0.57615,3
-0.85815,0.93518,3
-0.52406,0.79862,3
-0.63575,0.42681,3
-1.5526,-0.052344,3
-0.63447,0.62984,3
-0.79061,1.1559,3
-0.70343,0.8187,3
-1.005,1.1213,3
-0.32299,0.81976,3
-0.75679,0.1109,3
-0.52416,0.45365,3
-1.4191,0.6769,3
-1.0378,0.33816,3
-0.63111,0.60473,3
-0.84324,0.20343,3
-0.81861,0.71629,3
-1.0305,0.97473,3
-0.90664,0.25003,3
-1.2471,0.6964,3
-0.4896,0.76272,3
-0.87005,0.57208,3
-0.35155,0.51734,3
-0.51973,0.35637,3
-0.74804,0.53816,3
-0.64528,0.37291,3
-0.77352,0.69757,3
-1.1973,0.11904,3
-1.0952,0.031185,3
-0.85408,1.2222,3
-0.84539,0.42365,3
-0.79003,0.55479,3
-0.33214,0.51326,3
-0.81735,0.29211,3
-0.69659,1.0953,3
-0.92337,0.87617,3
-0.76052,0.45462,3
-0.62965,0.77897,3
-0.93238,0.81771,3
-1.0007,0.30711,3
-1.2554,1.0471,3
-1.0672,0.71325,3
-0.99617,0.9,3
-0.93717,0.60416,3
-1.1465,0.7661,3
-0.51374,0.13724,3
-0.7887,1.0063,3
-0.51753,-0.057487,3
-0.83892,0.10673,3
-1.0234,0.61168,3
-0.85849,0.31779,3
-0.34445,0.6134,3
-1.2174,0.85362,3
-0.99232,0.83988,3
-1.2777,0.72042,3
-0.67848,0.80595,3
-0.35119,0.83588,3
-0.90509,0.8409,3
-0.45926,0.82189,3
-0.85011,0.87238,3
-0.62422,0.78894,3
-0.8269,0.79128,3
-1.1307,0.64002,3
-0.49616,0.59242,3
-1.268,0.60944,3
-0.43793,0.52708,3
-0.71217,1.2954,3
-1.2495,1.3637,3
-1.0114,0.38246,3
-0.6906,0.82015,3
-0.87027,0.43041,3
-1.1278,0.54971,3
-0.86717,0.80919,3
-1.0095,0.80692,3
-0.93111,0.97983,3
-0.7907,0.049957,3
-1.0076,0.037536,3
-0.48299,0.95165,3
-1.3658,0.53032,3
-0.91771,0.78346,3
-1.0368,1.0718,3
-0.83864,0.46212,3
-0.95918,0.43453,3
-0.52948,0.5456,3
-0.80789,0.47935,3
-1.0204,1.0724,3
-0.64705,0.29029,3
-0.82207,0.24148,3
-0.28231,0.65775,3
-0.63316,0.57694,3
-0.63231,0.39244,3
-0.6942,0.56014,3
-0.84803,1.0475,3
-0.72156,0.53815,3
-0.93344,1.0975,3
-1.0259,0.42662,3
-0.53,1.0336,3
-0.45762,0.60583,3
-0.68802,1.0256,3
-0.93484,0.75505,3
-0.28927,1.0951,3
-0.90015,0.51944,3
-0.86968,0.75383,3
-0.57759,0.85456,3
-0.54917,0.74834,3
-0.44993,0.11662,3
-0.81774,0.35739,3
-0.53192,0.93734,3
-1.069,0.15606,3
-0.47634,-0.4883,3
-0.86682,0.32571,3
-1.2908,0.90941,3
-0.64298,0.25531,3
-0.40978,0.88683,3
-0.54682,0.59935,3
-0.59716,0.69693,3
-0.93793,0.64282,3
-1.3112,0.01192,3
-0.56344,0.3159,3
-0.94155,0.3243,3
-0.62687,0.65853,3
-0.8862,0.7139,3
-1.1838,0.74325,3
-0.57176,0.16286,3
-0.84614,0.94016,3
-1.066,0.69968,3
-0.41703,0.9371,3
-1.0452,0.64835,3
-0.46204,0.36506,3
-1.0471,1.1789,3
-1.2478,1.4549,3
-0.63895,0.14926,3
-0.048824,0.71599,3
-0.66496,0.50602,3
-0.70856,0.65704,3
-0.86154,0.70169,3
-0.65364,0.19522,3
-0.79627,0.71527,3
-0.99739,0.54656,3
-0.89752,0.48339,3
-1.0818,0.10372,3
-0.68338,0.66672,3
-0.93267,0.54436,3
-0.67236,0.44095,3
-0.9717,0.71322,3
-0.58351,0.92916,3
-0.47211,0.46757,3
-0.46894,0.54308,3
-0.062081,0.23853,3
-0.247,0.75804,3
-0.86419,0.7273,3
-1.1951,0.63239,3
-0.84567,0.83306,3
-0.82203,0.5822,3
-0.83926,0.87583,3
-1.0545,0.86737,3
-1.0117,1.0762,3
-0.92762,0.56169,3
-0.90346,0.31456,3
-1.0217,0.13966,3
-0.55243,0.46504,3
-1.2945,0.72363,3
-0.21696,0.67184,3
-1.0428,0.15702,3
-0.81264,1.0082,3
-1.016,-0.046981,3
-0.73649,0.68855,3
-0.67291,1.3158,3
-1.034,0.59646,3
-1.252,0.95476,3
-0.80575,0.64152,3
-0.77983,0.39144,3
-0.6719,0.47214,3
-0.37777,0.45929,3
-1.1401,0.95732,3
-1.127,0.10861,3
-0.96553,0.29445,3
-0.14064,0.81672,3
-1.0036,0.75631,3
-0.76515,0.7844,3
-1.131,0.24179,3
-0.63178,0.60414,3
-0.47237,0.098949,3
-0.45619,0.4755,3
-0.65291,0.95711,3
-0.92548,0.63806,3
-0.6322,0.31671,3
-0.95343,0.55884,3
-1.4069,0.49513,3
-0.58404,0.34955,3
-0.67153,0.97367,3
-0.94626,0.673,3
-1.0495,0.097828,3
-1.2759,1.0368,3
-1.2052,0.39363,3
-0.42342,0.53096,3
-0.87811,0.5406,3
-0.89031,0.1575,3
-0.76023,0.87741,3
-0.54285,1.1538,3
-0.82012,0.38291,3
-0.89597,0.95371,3
-1.0179,0.74018,3
-0.59092,0.41431,3
-1.0374,0.77495,3
-0.56995,0.11014,3
-0.84611,0.46891,3
-0.72364,0.49574,3
-0.61519,0.18469,3
-0.6565,0.6058,3
-0.70841,0.50455,3
-0.23731,0.24287,3
-0.33058,0.40171,3
-0.68095,0.2624,3
-0.67074,0.77755,3
-0.95959,0.91293,3
-1.0529,0.81136,3
-0.89619,0.9399,3
-0.73981,0.93672,3
-0.6545,0.27421,3
-0.46646,0.25325,3
-0.92929,0.43807,3
-0.92521,1.4401,3
-1.1691,0.95184,3
-0.75394,0.73938,3
-0.5501,1.0843,3
-0.618,0.60542,3
-1.3633,0.46904,3
-1.1282,0.50038,3
-1.1762,0.71005,3
-0.67253,0.80091,3
-0.80585,0.48827,3
-0.35504,0.5333,3
-1.3336,0.66265,3
-0.95339,0.45713,3
-0.48974,0.23253,3
-0.81439,0.42154,3
-0.81749,0.87831,3
-0.83189,1.6353,3
-0.13358,0.27147,3
-0.89601,1.0923,3
-0.63989,0.78239,3
-0.93363,0.73498,3
-0.35468,0.28054,3
-0.92653,0.71296,3
-1.1564,0.14691,3
-0.42833,0.9828,3
-0.93091,0.90117,3
-0.8214,0.81748,3
-1.0619,0.56144,3
-0.93222,0.8056,3
-1.1807,0.75239,3
-0.97424,0.77231,3
-0.95357,-0.070911,3
-0.63323,0.71242,3
-0.84428,1.1334,3
-0.70472,0.49424,3
-0.52519,0.26151,3
-1.1962,0.80792,3
-0.82159,0.36059,3
-0.46839,0.80416,3
-1.2297,0.20528,3
-0.65755,0.52755,3
-0.19557,0.57328,3
-0.50743,0.24729,3
-0.83883,0.70494,3
-0.96909,0.63612,3
-0.74636,1.0858,3
-0.72165,0.35225,3
-1.0439,0.018611,3
-0.29753,0.61788,3
-0.5649,0.61944,3
-0.85219,0.7938,3
-0.80886,0.734,3
-1.3802,0.88286,3
-0.3036,0.75425,3
-1.1136,0.64947,3
-0.31023,0.76896,3
-1.2988,1.0999,3
-0.61888,0.34465,3
-0.82113,0.30244,3
-0.6041,0.44207,3
-0.85349,1.0078,3
-1.0438,0.91233,3
-0.63886,0.29903,3
-0.44539,0.40424,3
-0.33918,1.3486,3
-1.0314,1.4052,3
-1.3424,0.26269,3
-0.84383,1.237,3
-0.27187,0.77544,3
-0.64078,0.71094,3
-0.81397,0.29722,3
-0.74871,0.69938,3
-1.0282,0.31994,3
-1.0405,0.87415,3
-0.61592,0.80522,3
-0.80382,0.62478,3
-0.071075,1.0367,3
-0.61546,0.35256,3
-0.3249,0.20602,3
-0.41686,0.48323,3
-1.012,0.25676,3
-0.70923,0.55795,3
-0.92966,0.62898,3
-0.28187,0.70964,3
-1.1052,0.85002,3
-0.75703,0.41897,3
-1.1454,0.30445,3
-1.2018,0.67064,3
-0.85574,0.85157,3
-0.61798,0.42735,3
-0.89953,0.50806,3
-0.95664,1.1594,3
-0.27703,0.17197,3
-0.55646,0.72978,3
-1.1431,0.36721,3
-0.65007,0.4062,3
-0.90651,0.74003,3
-0.8578,0.62066,3
-0.36066,0.80975,3
-1.5401,0.53505,3
-0.69961,0.30017,3
-0.21485,0.41444,3
-1.0491,0.47257,3
-0.58295,0.71074,3
-0.99728,0.3399,3
-0.54487,0.64018,3
-1.2928,0.99704,3
-1.2343,0.1785,3
-1.0724,0.44068,3
-0.48235,0.39733,3
-0.47255,0.2119,3
-1.0068,0.39681,3
-1.239,0.39309,3
-0.59605,1.1197,3
-0.37477,0.49356,3
-1.1596,0.64623,3
-0.85748,0.57848,3
-0.61823,0.72642,3
-0.88357,1.012,3
-0.90178,0.2304,3
-0.48038,0.69974,3
-0.64681,0.74465,3
-1.3293,0.40747,3
-0.9764,0.73302,3
-0.15416,0.68611,3
-1.0017,1.0491,3
-0.51085,0.46528,3
-0.70836,0.4483,3
-0.7413,1.2506,3
-1.0731,0.44738,3
-0.52971,1.2035,3
-0.99678,0.90471,3
-0.065097,0.75341,3
-1.047,0.2808,3
-0.77372,0.86291,3
-0.96979,1.0167,3
-0.76067,0.55877,3
-0.66492,0.33687,3
-1.2355,0.67176,3
-0.80243,0.67512,3
-0.72966,1.2259,3
-1.0877,0.109,3
-0.49587,0.4643,3
-0.62958,0.87677,3
-0.5041,0.75529,3
-0.63043,0.6439,3
-0.84486,1.0663,3
-1.2698,0.39722,3
-0.86553,0.72826,3
-1.1767,0.54592,3
-0.7486,0.79678,3
-0.95966,0.26817,3
-0.81998,0.73822,3
-0.79271,0.80359,3
-0.13731,0.61118,3
-0.99672,0.68432,3
-0.47687,0.45367,3
-0.91707,0.81199,3
-1.1854,0.78989,3
-0.46228,-0.38007,3
-1.3272,0.53663,3
-0.6555,0.69462,3
-1.1137,0.42744,3
-0.73335,0.26626,3
-0.11065,0.52752,3
-0.17799,1.1467,3
-0.62778,0.86252,3
-0.63282,0.71968,3
-0.89648,0.97486,3
-0.92284,0.70112,3
-0.54687,0.44157,3
-1.0925,0.20024,3
-0.8605,0.89365,3
-0.12906,0.41579,3
-0.78414,0.45218,3
-0.94386,0.76493,3
-1.4339,0.43581,3
-0.88095,0.94221,3
-0.92783,1.0428,3
-0.93477,0.55498,3
-0.94984,0.058206,3
-0.80206,0.93925,3
-0.42949,0.60299,3
-1.1377,0.75531,3
-0.7684,0.1318,3
-0.8082,0.69202,3
-1.1615,0.37148,3
-0.32045,1.151,3
-0.3605,0.86186,3
-0.58444,0.25198,3
-0.89429,0.20811,3
-1.1374,0.8544,3
-0.64128,0.56924,3
-0.61668,0.69681,3
-0.79229,0.82035,3
-1.2291,0.37059,3
-0.29854,0.85069,3
-1.2404,0.27994,3
-0.69562,0.64729,3
-0.89466,0.23868,3
-1.6581,0.92203,3
-0.77215,0.87629,3
-1.0878,0.93912,3
-0.51831,1.1053,3
-0.61349,0.66527,3
-1.3115,0.16081,3
-0.94183,0.68303,3
-0.75945,1.1877,3
-0.74704,1.25,3
-0.37971,0.72212,3
-1.1037,0.91563,3
-0.79755,0.61667,3
-0.76453,0.27638,3
-1.0748,0.81374,3
-0.46791,0.63283,3
-1.2251,0.35134,3
-0.63434,0.53504,3
-1.071,0.75183,3
-0.66043,0.40316,3
-1.0954,1.3612,3
-0.71695,0.38442,3
-1.4473,0.45561,3
-1.2557,1.0875,3
-1.0065,0.41931,3
-0.75726,0.023339,3
-0.76529,0.9852,3
-0.82113,0.78471,3
-1.0744,1.0232,3
-0.95493,0.43024,3
-1.2583,0.64832,3
-1.1896,0.23393,3
-1.6066,0.87561,3
-0.75461,0.76094,3
-0.76693,0.38254,3
-0.74134,0.21905,3
-1.1711,0.88371,3
-0.71312,0.27957,3
-0.70037,0.5713,3
-0.75427,0.45305,3
-0.066313,0.47969,3
-1.0815,-0.045565,3
-0.86735,0.37347,3
-1.2167,0.79172,3
-0.43813,0.85763,3
-0.30724,0.64495,3
-1.2807,1.027,3
-0.84854,0.36548,3
-0.21801,0.71948,3
-0.75353,0.69593,3
-0.79226,0.46676,3
-0.62429,-0.0044248,3
-0.60451,0.46112,3
-1.1413,0.49507,3
-0.73056,0.68411,3
-0.96958,0.63633,3
-1.2558,1.003,3
-1.1642,1.1559,3
-0.79722,-0.15642,3
-0.89826,0.28727,3
-1.1473,0.42711,3
-0.64506,0.43499,3
-1.0557,0.42467,3
-0.4601,0.80245,3
-0.54598,1.293,3
-0.91569,0.71461,3
-0.53645,0.55034,3
-0.73948,0.3481,3
-0.85813,0.9605,3
-0.68013,0.39469,3
-0.88799,0.4092,3
-1.2141,0.46439,3
-0.54946,0.65423,3
-0.70065,0.31762,3
-1.0026,-0.06521,3
-0.72362,0.84846,3
-0.79746,-0.11143,3
-1.2715,0.46667,3
-1.4572,0.61884,3
-0.86907,0.045392,3
-1.5516,0.85969,3
-0.74849,0.59277,3
-1.2442,0.11539,3
-0.71771,1.0482,3
-1.187,0.43514,3
-1.1765,0.58069,3
-0.42335,0.64671,3
-0.81931,1.202,3
-1.1457,0.69266,3
-0.75641,0.6921,3
-0.92649,0.024448,3
-0.94522,0.60398,3
-0.90625,0.62387,3
-1.4825,0.88127,3
-1.3039,0.089886,3
-1.2147,0.58958,3
-0.65754,0.69445,3
-0.83821,0.23436,3
-0.71208,0.3825,3
-1.0548,0.5111,3
-1.317,0.82113,3
-0.69234,-0.064927,3
-0.46925,1.1331,3
-0.85575,-0.025967,3
-0.46207,0.53835,3
-0.75321,0.37127,3
-0.43959,0.4237,3
-1.0269,0.73845,3
-0.9969,0.83581,3
-0.66969,0.33852,3
-0.43848,0.49873,3
-0.76353,1.1086,3
-0.47615,-0.11393,3
-0.82618,1.0075,3
-1.3368,-0.012909,3
-1.1887,0.85646,3
-0.60356,0.63414,3
-0.57983,0.11064,3
-0.8135,0.76541,3
-0.89641,-0.087591,3
-0.66265,0.24727,3
-1.0353,1.0209,3
-0.81444,0.0098828,3
-1.1984,0.83346,3
-0.69584,0.34531,3
-1.268,0.34173,3
-0.70164,0.87344,3
-0.38724,0.3468,3
-0.59247,0.53281,3
-0.99701,0.61554,3
-1.0438,0.58005,3
-0.90985,0.72656,3
-0.033687,0.57057,3
-0.24939,0.34116,3
-0.71269,0.98419,3
-0.74432,0.27103,3
-0.69298,0.39153,3
-0.20264,0.31937,3
-0.6999,1.2528,3
-0.90558,0.58699,3
-1.265,0.30298,3
-0.32054,0.77306,3
-0.82616,0.58393,3
-0.69887,0.58896,3
-0.57484,0.56816,3
-1.2789,0.70789,3
-0.53667,0.48502,3
-0.68798,0.63849,3
-0.24669,0.63157,3
-0.98522,0.6267,3
-1.0231,0.60213,3
-0.042654,0.79742,3
-0.71403,0.90105,3
-0.657,0.86508,3
-0.57993,0.49121,3
-1.1533,0.7289,3
-0.55062,0.32751,3
-0.47783,0.59578,3
-1.1315,0.69674,3
-0.54067,0.12393,3
-1.2941,0.75532,3
-0.70864,0.099895,3
-0.65413,0.15451,3
-1.3737,0.17466,3
-0.88477,0.69199,3
-1.1687,0.75146,3
-0.65206,0.70355,3
-0.73467,0.30725,3
-0.80853,0.50258,3
-0.91722,0.72795,3
-1.0235,0.94326,3
-1.0788,0.73683,3
-0.85904,0.55162,3
-1.019,0.38345,3
-1.4633,0.012265,3
-1.1874,0.72484,3
-0.97852,0.086075,3
-1.2063,0.50059,3
-0.65274,0.71344,3
-0.9896,1.0874,3
-0.62735,0.50593,3
-1.0371,0.41929,3
-0.87954,0.78745,3
-0.88504,0.47453,3
-0.67929,0.77197,3
-0.8891,0.41948,3
-0.51087,1.0284,3
-1.572,0.71882,3
-0.66197,0.59915,3
-0.23584,1.0433,3
-0.72222,0.69752,3
-0.79946,0.83697,3
-0.85107,0.82916,3
-0.62668,0.50896,3
-0.75178,0.72401,3
-0.54763,0.40658,3
-0.4633,0.29216,3
-1.2184,0.86753,3
-0.63606,0.043026,3
-1.0949,0.7751,3
-0.81906,0.73294,3
-0.92803,0.694,3
-0.71232,0.50811,3
-0.2145,0.78842,3
-0.71913,0.56443,3
-1.1375,0.71538,3
-0.85624,0.56279,3
-1.2545,0.54102,3
-0.93962,0.46857,3
-1.0157,0.52124,3
-0.21333,0.70174,3
-0.92858,0.69117,3
-0.69589,0.78175,3
-0.50698,0.9638,3
-1.0516,0.46596,3
-0.91764,0.63673,3
-1.3591,0.69346,3
-1.1283,0.14163,3
-0.65888,0.61677,3
-0.60131,0.57016,3
-0.91845,0.32554,3
-1.0408,1.1293,3
-0.75528,-0.10661,3
-0.76177,0.531,3
-0.86377,1.0423,3
-0.56571,0.072845,3
-1.0714,0.43478,3
-0.86793,0.54442,3
-0.77895,0.50612,3
-0.088821,0.90122,3
-0.44172,0.31396,3
-0.80931,0.6337,3
-0.93373,0.62364,3
-1.1474,0.62308,3
-0.71143,1.4253,3
-1.0745,0.42726,3
-0.86587,1.0348,3
-1.6798,0.54632,3
-0.58375,0.83371,3
-0.83727,1.2458,3
-0.76128,0.50009,3
-0.88638,0.74063,3
-0.40049,0.16704,3
-0.84733,1.1592,3
-0.64699,1.2025,3
-0.75981,0.050962,3
-0.74323,0.74177,3
-0.71163,0.94626,3
-1.008,0.98727,3
-0.46846,0.78069,3
-1.4778,0.53766,3
-0.7179,0.69119,3
-0.89752,0.30461,3
-0.7014,0.66506,3
-0.76876,0.79111,3
-0.91818,0.49332,3
-1.3672,0.58604,3
-0.91793,0.54166,3
-0.85561,0.44974,3
-1.2249,0.75836,3
-0.909,0.13272,3
-0.78374,0.14044,3
-0.53481,0.016308,3
-0.83838,0.60782,3
-0.83418,0.24135,3
-0.94554,0.45061,3
-0.24112,0.9799,3
-1.1826,0.26233,3
-0.51577,0.40663,3
-0.96469,0.26339,3
-0.71078,0.36253,3
-0.76957,0.65164,3
-0.75986,1.1806,3
-1.0237,0.61431,3
-0.52357,0.24603,3
-1.0718,0.49001,3
-1.0755,0.62266,3
-0.70712,0.62512,3
-1.1873,0.23048,3
-0.57114,0.33279,3
-1.1724,0.56899,3
-0.88892,0.69646,3
-1.0942,0.38434,3
-0.80048,0.98075,3
-1.1687,0.24796,3
-0.87719,0.7491,3
-0.086409,0.32874,3
-0.9844,1.3659,3
-0.98942,0.66888,3
0.16079,0.80604,3
-0.61533,0.52863,3
-1.161,0.38247,3
-1.5592,0.42245,3
-0.92435,0.82696,3
-0.47472,0.40147,3
-0.80058,0.49535,3
-0.81008,1.0671,3
-0.6056,0.8248,3
-0.95849,0.51428,3
-0.57497,0.2118,3
-0.74364,0.36377,3
-0.59207,0.7448,3
-0.67101,0.43349,3
-1.0879,1.0053,3
-0.83264,0.33481,3
-0.95959,0.76409,3
-1.3894,0.7035,3
-0.22925,0.80258,3
-0.61459,0.76347,3
-0.8272,1.245,3
-0.98298,-0.082328,3
-0.98391,0.2277,3
-0.749,0.42396,3
-1.0256,0.49264,3
-0.98644,0.86523,3
-0.55037,0.92086,3
-0.91561,0.49416,3
-1.2788,0.15239,3
-0.8255,0.82054,3
-0.97107,1.0425,3
-0.61797,0.5406,3
-0.67507,0.57281,3
-1.1773,0.66263,3
-0.37817,1.1028,3
-0.64604,0.5938,3
-1.2151,0.82515,3
-0.71847,0.15724,3
-0.93801,0.79346,3
-0.51511,0.63423,3
-1.0092,0.4341,3
-1.2921,0.62652,3
-0.44645,0.66221,3
-1.1329,0.56387,3
-0.85813,0.3633,3
-0.94719,0.58582,3
-0.80276,0.67763,3
-1.5899,1.0702,3
-1.3356,0.32349,3
-0.63791,0.52142,3
-0.7478,0.84086,3
-0.80082,0.59395,3
-1.2759,0.28739,3
-0.61384,1.0478,3
-1.4068,1.0575,3
-1.0217,0.088066,3
-0.79032,0.52846,3
-0.7562,0.025144,3
-0.85256,1.1786,3
-0.77511,0.27818,3
-0.49752,0.65789,3
-1.2014,0.60492,3
-1.0985,0.90437,3
-0.53009,0.32763,3
-0.75634,0.84614,3
-1.1084,0.67254,3
-0.78737,0.38748,3
-1.273,-0.061483,3
-0.56659,0.039868,3
-0.64231,0.56491,3
-0.42092,-0.26956,4
-0.30211,-0.4294,4
-0.7767,-0.53908,4
-0.477,-0.25743,4
-0.907,-1.021,4
-1.0623,-0.82146,4
-0.60438,-0.45882,4
-0.707,-0.52762,4
-0.97126,-0.33872,4
-0.86239,-1.1417,4
-1.0469,-0.95007,4
-0.087082,-1.069,4
-1.1376,-1.1096,4
-0.83336,-0.51894,4
-0.75338,-0.2044,4
-0.75135,-1.1762,4
-0.8558,-0.98158,4
-1.0908,-0.56685,4
-0.43137,-0.55975,4
-1.1344,-0.21296,4
-1.2911,-0.0094772,4
-1.3283,-0.65996,4
-0.399,-0.76357,4
-0.92028,-0.63351,4
-0.7339,-0.42587,4
-1.2518,-0.66106,4
-1.1975,-0.5956,4
-0.13636,-0.81343,4
-0.8952,-0.87819,4
-1.1813,-0.74218,4
-0.58498,-0.49339,4
-0.37301,-0.52328,4
-1.294,-0.83478,4
-0.38958,-0.33929,4
-0.79368,-0.96424,4
-0.72551,-0.58863,4
-0.82502,-1.0788,4
-0.84898,-0.60787,4
-0.42494,0.072856,4
-0.96926,-0.86565,4
-0.43443,-0.61982,4
-0.77651,-0.33164,4
-0.96568,-0.64792,4
-0.59716,-0.76352,4
-0.86328,-0.17737,4
-0.99925,-0.54255,4
-1.1285,0.13784,4
-0.49424,-0.0094828,4
-0.60444,-0.8846,4
-0.45485,-0.4091,4
-0.44651,-0.12671,4
-0.67066,-0.47816,4
-0.96382,-0.61722,4
-1.5044,-0.75876,4
-1.2965,-0.96679,4
-0.41469,-0.91435,4
-1.0395,-0.44417,4
-0.28798,-0.73978,4
-1.471,-0.775,4
-0.36129,-0.61517,4
-1.1007,-0.78843,4
-0.69315,-0.58134,4
-0.98113,-0.083228,4
-1.0841,-0.62183,4
-0.40789,-0.2901,4
-0.91531,-1.2234,4
-1.0259,-1.0356,4
-0.80606,-0.43882,4
-0.76788,-0.3905,4
-1.415,-0.86881,4
-1.2821,-0.28404,4
-0.40841,-0.8137,4
-0.74136,-0.64745,4
-0.41093,-0.41329,4
-1.0224,-0.60513,4
-0.47395,-0.93872,4
-0.72298,-0.087686,4
-0.52891,0.14576,4
-0.40966,-0.45506,4
-0.79138,-1.2103,4
-0.46472,-0.3041,4
-0.63803,-0.36336,4
-0.66587,-0.66152,4
-0.74778,-1.0359,4
-0.85587,-0.83186,4
-1.091,-0.78196,4
-0.63719,-0.72858,4
-0.50559,-0.83125,4
-0.88483,-0.68964,4
-1.6835,-0.85697,4
-1.0646,-1.3114,4
-1.3352,-1.0402,4
-0.85291,-1.0383,4
-0.26989,-0.20832,4
-1.1614,-0.52379,4
-0.55761,-0.45079,4
-0.66709,-0.19053,4
-0.66203,-0.33997,4
-1.0451,-0.53679,4
-0.87047,-0.59602,4
-0.68636,-0.80389,4
-0.87886,-0.4547,4
-0.83361,-0.62523,4
-0.98889,-0.84964,4
-0.41135,-1.0677,4
-0.65569,-0.22499,4
-0.93299,-0.40884,4
-0.81087,-0.44517,4
-0.13947,-0.61699,4
-1.1554,-0.65675,4
-0.74297,-0.32387,4
-1.1303,-0.43949,4
-1.2095,-0.92749,4
-0.77866,-0.43629,4
-0.62082,0.0051949,4
-0.78214,-0.46772,4
-0.78556,-0.69323,4
-0.87841,-0.79397,4
-0.82622,-0.29814,4
-0.66141,-0.071659,4
-0.58228,-0.79057,4
-1.3914,-0.34254,4
-0.75374,-0.73378,4
-1.0153,-0.79139,4
-0.6557,-0.49295,4
-0.38265,-0.88969,4
-0.81051,-0.58843,4
-0.88397,-0.52294,4
-0.64313,-1.4099,4
-1.2941,-0.74372,4
-0.70879,-0.33956,4
-0.56791,-0.60662,4
-1.0301,-0.54736,4
-0.95156,-0.083364,4
-0.99577,-0.44216,4
-0.73224,-0.20453,4
-0.38071,-0.35713,4
-0.70892,-0.57018,4
-0.90689,-0.92138,4
-1.0294,-0.9635,4
-1.0841,-0.14418,4
-0.81793,-0.71362,4
-0.85631,-0.72771,4
-0.36166,-0.44104,4
-0.81113,-0.55654,4
-0.78075,-0.71713,4
-1.0267,-0.088314,4
-0.68917,-1.1546,4
-0.74858,-0.75609,4
-1.2719,-0.87159,4
-1.0027,-0.44788,4
-0.4824,0.018204,4
-1.3789,-0.021864,4
-0.99922,-0.66768,4
-1.0134,-0.73053,4
-0.56587,-0.21417,4
-1.2045,-1.0642,4
-0.62435,-0.65576,4
-1.1187,-0.6289,4
-0.94439,-0.6532,4
-1.6315,-1.0335,4
-0.45039,-0.86881,4
-1.0997,-0.30144,4
-1.2111,-0.73011,4
-0.80006,-0.76032,4
-1.2045,-0.84482,4
-1.0978,-0.88894,4
-0.75546,-0.51343,4
-0.86087,-0.65906,4
-1.4018,-0.56625,4
-0.41022,-0.3592,4
-0.77437,0.093421,4
-1.2031,-1.1056,4
-1.5328,-0.91006,4
-0.95394,0.26039,4
-0.52727,0.15906,4
-0.96735,-0.79559,4
-0.62655,-0.4303,4
-0.29557,-0.87343,4
-0.72725,-0.18209,4
-0.74135,-0.45646,4
-0.68495,-0.39884,4
-0.497,-0.51941,4
-0.53751,-0.4167,4
-0.44556,-0.50224,4
-0.838,-0.52318,4
-1.1372,-0.086063,4
-0.56041,-1.1094,4
-1.4298,-0.87237,4
-1.0394,-0.083678,4
-0.5924,-0.61687,4
-0.79967,-0.53308,4
-0.17987,-0.8953,4
-0.84437,0.18403,4
-0.32366,-0.20228,4
-0.91159,-0.58246,4
-0.93412,-0.54312,4
-0.46866,-1.1865,4
-0.96522,-0.31376,4
-1.3407,-0.46482,4
0.024036,-0.75073,4
-0.29823,-0.44684,4
-0.52754,-0.33394,4
-0.67645,-1.2552,4
-1.2341,-0.5613,4
-0.84056,-0.50217,4
-0.672,-0.28363,4
-1.1266,-0.53301,4
-0.55856,-0.88888,4
-1.3327,-0.72345,4
-0.76136,-0.50912,4
-0.75348,-0.72836,4
-0.20011,-0.43734,4
-0.6376,-0.2682,4
-0.73064,0.0001536,4
-1.1619,-0.24767,4
-0.73301,-0.50225,4
-0.89312,-1.0125,4
-0.85841,0.068939,4
-1.0738,-0.45546,4
-0.5298,0.21106,4
-0.41323,0.39139,4
-0.65808,-0.95903,4
-0.017996,-0.16604,4
-0.99408,-0.16868,4
-0.64177,-0.83134,4
-1.0555,-0.57572,4
-1.0753,-0.47822,4
-1.0798,-0.8818,4
-1.2839,-0.35596,4
-0.94778,-0.91657,4
-1.123,-0.84751,4
-0.96554,-0.5439,4
-0.80358,-0.26949,4
-0.76365,-0.47988,4
-0.92706,-1.0555,4
-1.1484,-0.78534,4
-0.64801,-0.40042,4
-0.42256,-0.46839,4
-1.1627,-1.0133,4
-0.51906,-0.13036,4
-0.87879,-0.8781,4
-0.52535,-0.72043,4
-0.38507,-0.59416,4
-0.61914,0.40166,4
-1.0425,-0.54728,4
-1.052,-0.49226,4
-0.89909,-0.73397,4
-0.51363,-0.36674,4
-1.1453,-0.72749,4
-0.94642,-0.3251,4
-0.53274,-0.62863,4
-0.82173,-0.87224,4
-0.92194,-0.87973,4
-0.3922,-0.20468,4
-0.73789,-0.62613,4
-0.94652,-0.17951,4
0.12315,-0.038889,4
-0.61841,-0.55055,4
-0.32134,-0.57801,4
-0.93045,-0.40982,4
-0.8039,-0.6503,4
-0.95943,-0.74596,4
-0.6477,-0.44459,4
-1.0093,-1.2812,4
-1.0315,-0.99372,4
-1.045,-0.37463,4
-0.90851,-0.47288,4
-1.3714,-0.039401,4
-0.87263,-0.41314,4
-0.56736,-0.54112,4
-0.65139,-0.1379,4
-0.72927,-0.71495,4
-0.94392,-0.48374,4
-0.63153,-0.39196,4
-0.78814,-0.9334,4
-0.63911,-0.18781,4
-0.62402,-0.603,4
-0.85784,-0.7173,4
-0.44007,-0.59901,4
-0.95215,-0.24727,4
-0.62989,-0.31578,4
-0.88639,-0.42104,4
-0.48976,-0.57668,4
-1.263,-0.94739,4
-0.88073,-0.44827,4
-0.46558,-0.87102,4
-0.88161,-0.13832,4
-1.0586,-0.5468,4
-1.1441,-0.40184,4
-1.0384,-0.36289,4
-0.56027,-0.74988,4
-0.48632,-0.3732,4
-0.64311,-0.56867,4
-0.47973,-0.86447,4
-0.631,-0.89625,4
-0.94209,-0.57543,4
-0.47299,-1.0865,4
-1.0163,-0.61759,4
-0.78677,-0.59925,4
-0.87527,-0.35979,4
-0.79325,-0.63304,4
-0.47745,-0.63198,4
-0.82745,-0.63765,4
-1.2443,-0.3315,4
-0.85985,-0.093606,4
-0.28847,-0.36927,4
-0.095098,-0.28313,4
-1.3156,-0.33644,4
-0.56367,-0.75155,4
-0.65117,-0.42314,4
-0.29572,-0.30433,4
-0.63247,-0.33557,4
-1.1968,-0.21066,4
-0.66823,-0.31415,4
-1.2871,-0.28288,4
-0.79431,-0.71579,4
-0.84414,-0.8277,4
-0.1397,-0.36382,4
-0.70056,-0.58538,4
-0.54235,-0.3789,4
-0.64156,-0.25837,4
-0.88862,-0.51245,4
-1.0135,-0.46917,4
-0.85222,-0.93245,4
-0.68343,-0.25507,4
-0.47093,-0.8344,4
-1.0443,-0.69484,4
-1.0315,-0.11457,4
-1.141,-0.46772,4
-0.88532,-1.0598,4
-0.51311,-0.12176,4
-0.77728,-0.53309,4
-1.0527,-0.63114,4
-0.54017,-0.36185,4
-1.1614,-0.57647,4
-0.85433,-0.18929,4
-0.92234,-0.47409,4
-0.84458,-0.38306,4
-1.111,-1.014,4
-1.1632,-0.55144,4
-0.79269,-0.88561,4
-0.3751,-0.70819,4
-1.178,-0.62578,4
-0.046868,-0.97403,4
-0.67067,-0.74874,4
-1.15,-0.11992,4
-1.3585,-0.35976,4
-0.70307,-0.26843,4
-1.6914,-0.41206,4
-0.84397,-0.73219,4
-0.81741,-0.43776,4
-0.63385,0.0079601,4
-0.75908,-1.1637,4
-1.0135,-0.65635,4
-0.95214,-0.89373,4
-1.1758,-0.51181,4
-0.40142,-0.67547,4
-1.0641,-0.12262,4
-0.58539,-0.72842,4
-0.62736,-0.37443,4
-0.27422,-0.60745,4
-0.70703,-0.70676,4
-0.96912,-0.41587,4
-1.1529,-0.72632,4
-0.58043,-0.33085,4
-0.34593,-0.42747,4
-1.3585,-0.51797,4
-0.62218,-0.44546,4
-0.47164,-0.15248,4
-1.0428,-0.77322,4
-0.83683,-0.99979,4
-0.74201,-0.72255,4
-1.2126,-0.85056,4
-0.90989,-0.46378,4
-0.78244,0.14171,4
-0.84621,-0.85437,4
-0.83088,-0.50127,4
-0.68743,-0.66818,4
-0.85862,-0.629,4
-0.47828,-0.28947,4
-1.1448,-0.25624,4
-0.47452,-0.20579,4
-0.70752,-0.70229,4
-0.84943,-0.29053,4
-0.61601,-0.96738,4
-0.87386,-0.98228,4
-0.29704,-0.22057,4
-1.0493,-0.46322,4
-1.0871,-0.37097,4
-0.58231,-0.5083,4
-0.95003,-0.82261,4
-0.3401,-0.84224,4
-0.61489,-0.76914,4
-0.95428,-0.082618,4
-1.0501,-0.21669,4
-1.4396,-0.61317,4
-1.0683,-0.14556,4
-1.1574,-0.77079,4
-1.1191,-0.96778,4
-0.74213,-0.8678,4
-1.6092,-0.36785,4
-1.1592,-0.76106,4
-0.7409,-0.56411,4
-0.49697,-0.45316,4
-1.0351,-0.56365,4
-0.7778,-0.11067,4
-0.79794,-0.57265,4
-0.26751,-0.10196,4
-0.33817,-0.19144,4
-1.0482,-0.39241,4
-0.97099,-0.066736,4
-0.86473,0.079466,4
-1.4142,-1.0112,4
-0.92322,-0.39368,4
0.11209,-0.85102,4
-1.0082,-1.0554,4
-1.2517,0.04144,4
-1.3925,-0.5002,4
-0.761,-0.49908,4
-0.28523,-0.004286,4
-0.49365,-0.34754,4
-0.65636,-0.36945,4
-0.8645,-0.61353,4
-1.2585,-0.18268,4
-1.2509,-0.53831,4
-0.72999,-0.64669,4
-0.67476,-0.85841,4
-1.3038,-0.47302,4
-0.70373,-0.15243,4
-0.73748,-0.93404,4
-0.94503,-0.41253,4
-0.5632,-0.60727,4
-0.37479,-0.92887,4
-0.35682,-0.24626,4
-0.60811,-0.56876,4
-0.81331,-0.5572,4
-0.87139,-0.39222,4
-0.82016,-0.63551,4
-0.86471,-0.94413,4
-0.44542,-0.85759,4
-1.2865,-0.29421,4
-1.3773,-0.5666,4
-1.168,-0.31411,4
-0.82185,-0.48597,4
-1.1498,0.021763,4
-1.001,-1.0215,4
-1.0796,-0.47437,4
-0.84101,-0.99961,4
-0.57572,-0.12862,4
-0.62412,-0.45491,4
-0.8123,-0.84426,4
-0.28153,-0.36792,4
-0.5718,-0.56487,4
-1.185,-0.97504,4
-1.8221,-0.39441,4
-0.89472,-0.55645,4
-0.92349,-1.0058,4
-0.72675,-1.1951,4
-1.3703,-0.85824,4
-0.36772,-0.32761,4
-1.2538,-0.8811,4
-0.85704,-0.25388,4
-1.0623,-0.75114,4
-1.114,-0.26738,4
-0.37146,-0.66727,4
-0.64203,-0.096808,4
-0.6265,-0.16395,4
-0.80493,-1.2088,4
-0.75831,-0.50969,4
-1.0642,-0.41282,4
-0.84116,-0.85666,4
-0.17512,-0.56638,4
-0.39245,-0.21229,4
-0.78141,-0.70478,4
-0.48305,-0.035993,4
-0.84638,-0.63212,4
-0.66275,-0.31003,4
-0.71256,-1.2491,4
-0.7679,-0.57722,4
-0.48465,-0.45613,4
-0.84998,-0.87717,4
-0.71047,-0.58862,4
-0.63222,-0.21711,4
-0.51188,-0.64227,4
-0.98344,-0.59842,4
-0.44868,-0.28369,4
-0.98988,-0.78643,4
-0.12265,-0.56855,4
-1.0967,-0.49317,4
-1.1149,-0.44736,4
-0.54849,-0.54573,4
-0.55216,-0.49072,4
-1.1728,-0.7291,4
-0.23314,-0.63142,4
-0.78272,-0.75575,4
-0.31799,-0.047658,4
-0.81822,-0.32777,4
-0.48208,-0.65605,4
-0.98955,-0.77505,4
-1.1507,-0.57996,4
-0.64362,0.10082,4
-0.85567,-0.64338,4
-0.68571,-0.41265,4
-1.4226,-0.70394,4
-1.4136,-0.4819,4
-0.88739,-0.70164,4
-0.96727,-0.90619,4
-1.275,-0.56195,4
-1.0544,-0.66871,4
-0.45834,-0.41099,4
-0.93306,-0.1239,4
-0.78738,-0.56746,4
-0.84614,-1.0147,4
-1.1481,-1.162,4
-1.2843,-0.47777,4
-1.2286,-0.45281,4
-0.92383,-0.37636,4
-0.62376,-0.41043,4
-0.66156,-0.87502,4
-0.48149,-0.65628,4
-0.35968,-0.76077,4
-1.1661,-0.6291,4
-0.86623,-1.1603,4
-1.0129,-0.16553,4
-0.70632,-0.82712,4
-0.512,-0.89207,4
-1.3615,-0.99443,4
-0.73971,-0.6471,4
-0.38426,-0.65457,4
-0.28795,-0.33134,4
-0.89523,-1.0967,4
-0.17399,-0.21891,4
-0.5402,-0.89762,4
-0.87772,-0.57689,4
-0.4328,-0.9015,4
-0.71627,-0.86428,4
-1.214,-0.29422,4
-0.87382,-1.0836,4
-0.64221,-0.94074,4
-0.91476,0.11224,4
-0.84809,-0.57126,4
-0.50118,-1.2089,4
-1.0689,-0.23455,4
-1.2208,-0.70551,4
-0.74285,-0.78579,4
-0.50071,-0.75665,4
-0.77439,-0.7985,4
-1.0234,-0.20998,4
-0.5519,-0.32242,4
-0.74379,-0.63421,4
-1.2291,-0.27409,4
-0.52456,-0.57144,4
-1.2283,-0.87588,4
-1.179,-0.26186,4
-0.88432,-0.83882,4
-1.4117,-0.73542,4
-0.58975,-0.65374,4
-1.0036,-0.32563,4
-0.063815,-0.94173,4
-1.1605,-1.223,4
-0.77178,-0.50341,4
-0.8804,-0.69711,4
-0.81028,-0.35434,4
-0.99519,-0.25187,4
-1.6279,-0.9232,4
-0.95562,-0.64096,4
-1.4321,-0.29169,4
-0.77017,-0.97145,4
-0.75133,-0.93977,4
-1.2729,-0.36025,4
-0.10863,-0.18693,4
-0.91018,-0.51287,4
-1.012,-0.37226,4
-0.84547,-0.53448,4
-0.96299,-0.45646,4
-0.72198,-0.54828,4
-0.44343,-1.2916,4
-1.1041,-0.31704,4
-0.69442,-0.35605,4
-0.54221,-0.25833,4
-0.52422,-0.32587,4
-0.90927,-0.4683,4
-0.6344,-0.97581,4
-1.1427,-1.2072,4
-0.6786,-0.92981,4
-0.85066,-0.27291,4
-0.75262,-0.46886,4
-1.5574,-0.74166,4
-1.0882,-0.36874,4
-0.79569,-1.1174,4
-0.77103,-0.64749,4
-0.7601,-0.67198,4
-1.0261,-0.67381,4
-0.82299,-1.1568,4
-0.48025,-0.5916,4
-0.8026,-0.61936,4
-0.75327,-0.51864,4
-1.1773,-0.67034,4
-1.2577,-0.36367,4
-0.57952,-0.56548,4
-1.2887,-0.80435,4
-0.64641,-0.60652,4
-0.47304,-0.078129,4
-0.92209,-0.35829,4
-1.1679,-0.20967,4
-0.98745,-0.11655,4
-0.76692,-0.37705,4
-0.84659,-0.18029,4
-0.51574,-0.40828,4
-1.1448,-1.2492,4
-0.56659,-0.90642,4
-0.35657,-0.43618,4
-0.34741,-0.72165,4
-0.67436,-0.36539,4
-0.99152,-0.33656,4
-0.57149,-0.61242,4
-0.66366,-1.0087,4
-1.3564,-0.01247,4
-0.87983,-0.24946,4
-0.70894,-0.63515,4
-0.85922,-0.1412,4
-0.56069,-0.69044,4
-1.1616,-0.62368,4
-1.003,-1.1308,4
-1.1926,-0.85193,4
-1.2393,-0.86218,4
-0.88794,-0.74372,4
-0.88868,-0.87718,4
-0.53872,-0.8017,4
-0.65426,-1.0687,4
-0.68671,-0.84073,4
-0.58602,-0.82188,4
-0.53039,-1.2419,4
-1.1227,-0.36154,4
-0.24837,-0.79937,4
0.076713,-0.55045,4
-0.66291,-0.48654,4
-0.88333,-1.005,4
-0.91607,-0.6853,4
-0.79346,-0.51907,4
-1.1784,-0.20759,4
-0.4341,-0.98708,4
-0.93262,-0.52089,4
-0.5769,-0.50789,4
-0.71305,-0.22903,4
-0.39625,-0.45161,4
-0.78598,-0.63141,4
-0.93692,-0.37219,4
-1.122,-0.66972,4
-0.76958,-0.45969,4
-0.57248,-1.0102,4
-0.72469,-0.72061,4
-0.73085,-0.39089,4
-0.086962,-0.20221,4
-0.64944,-0.50628,4
-0.56579,-0.68808,4
-0.99874,-0.59129,4
-0.32414,-0.45366,4
-0.90203,-0.63298,4
-0.96796,-0.47947,4
-0.85382,-0.79531,4
-0.62597,-0.64664,4
-0.80433,-0.71661,4
-1.3639,-0.21843,4
-0.69798,-0.30223,4
-0.83917,-0.69585,4
-0.94487,-0.98443,4
-0.66775,-0.42293,4
-1.2236,-0.74656,4
-1.1334,-0.67007,4
-0.75864,-0.35349,4
-0.40238,-0.57285,4
-0.92506,-0.5666,4
-1.0984,-0.4456,4
-1.1835,-0.26423,4
-1.0251,-0.32025,4
-0.94641,-0.59607,4
-0.76927,-0.059752,4
-1.3027,-0.88871,4
-0.53567,-0.72402,4
-0.81325,-0.4354,4
-1.0371,-0.48887,4
-0.65819,-0.81821,4
-0.8291,-0.78344,4
-0.62458,-0.5354,4
-1.4391,-0.512,4
-0.94744,-1.06,4
-0.39091,-0.87927,4
-0.76002,-0.29262,4
-1.1292,-0.85249,4
-0.75976,-0.32728,4
-0.46217,-0.40686,4
-0.87289,-0.36645,4
-1.1204,-0.59723,4
-0.83648,-0.18267,4
-0.91447,-0.96032,4
-0.71648,-0.60175,4
-0.85082,-0.46709,4
-0.24348,-0.32418,4
-0.54398,-0.42617,4
-0.77319,-1.0151,4
-1.0265,-0.6142,4
-1.3948,-0.71932,4
-1.3587,-1.0999,4
-0.92949,-0.85923,4
-0.90538,-0.33877,4
-0.6669,-0.8741,4
-0.37639,-0.54589,4
-1.0822,0.21267,4
-0.4263,-0.78568,4
-0.82412,-1.0899,4
-0.095756,-0.41361,4
-0.47488,-1.2189,4
-0.83234,-0.4083,4
-0.9859,-0.28219,4
-0.81253,-0.93569,4
-0.76691,-0.94316,4
-0.42869,-0.41384,4
-0.29571,-0.62317,4
-0.20484,-0.32226,4
-0.88326,-0.61253,4
-0.55002,-1.1082,4
-0.79856,-1.0058,4
-0.73316,-0.63695,4
-0.8316,-0.62948,4
-0.85363,-0.80059,4
-1.1109,-0.23822,4
-0.92828,-0.10898,4
-0.87,-0.67348,4
-1.0141,-0.93088,4
-0.84442,-0.88994,4
-1.0205,-0.60637,4
-0.27385,-0.13224,4
-0.61709,-0.42721,4
-1.2653,-0.23379,4
-0.70561,-0.98654,4
-1.3766,-0.54759,4
-0.89914,-0.60735,4
-0.83493,-0.32794,4
-0.69789,-0.35852,4
-1.1388,-0.2309,4
-0.51254,-0.74214,4
-0.72406,-0.024152,4
-0.70813,-0.49531,4
-1.244,-0.63092,4
-0.83698,-0.12022,4
-0.94883,-0.79341,4
-0.44209,-0.19956,4
-0.38333,-0.86564,4
-0.8296,-0.36788,4
-0.80376,-0.49466,4
-1.2219,-0.83804,4
-0.56853,-1.0992,4
-0.76987,-0.47446,4
-0.11854,-0.097349,4
-0.9252,-0.35268,4
-1.3064,-0.2793,4
-0.90226,-0.3753,4
-0.5049,-0.41178,4
-1.3843,-0.51743,4
-0.36449,-0.95372,4
-0.89593,-0.56389,4
-0.88706,-1.316,4
-1.3329,-0.57828,4
-0.76744,-0.46995,4
-1.1162,0.03776,4
-0.59812,-1.0531,4
0.21706,-0.47632,4
-0.58451,-0.95349,4
-0.72834,-0.96743,4
-0.65733,-0.18654,4
-0.74966,-0.38875,4
-0.83461,-0.4482,4
-0.84403,-0.81135,4
-0.6187,-0.5872,4
-1.4216,-0.65868,4
-1.0526,-0.2542,4
-1.1706,-0.40957,4
-0.61368,-0.70184,4
-1.0019,-0.49913,4
-1.1807,-0.72204,4
-0.32278,-0.50232,4
-1.2195,-0.82908,4
-0.58466,-0.40652,4
-0.42365,-0.75058,4
-1.1779,-0.46985,4
-0.74576,-0.65297,4
-0.69993,-1.0268,4
-0.55801,-0.73806,4
-0.71672,0.18588,4
-0.37874,-0.78525,4
-0.5763,-0.34525,4
-0.74773,-1.009,4
-0.64092,-0.76803,4
-0.52802,-0.7136,4
-1.0068,-1.1178,4
-1.2551,-0.82807,4
-0.83612,-0.58459,4
-1.1341,-0.94756,4
-0.86983,-0.34638,4
-0.6648,-0.62742,4
-0.66027,-0.49451,4
-0.80962,-0.74701,4
-0.38449,-0.069653,4
-0.93234,-0.21289,4
-1.0051,-0.87287,4
-0.52896,-0.88608,4
-1.0916,-0.96528,4
-0.86692,-0.15558,4
-0.84519,-0.51344,4
-0.71988,-0.78225,4
-0.83306,-0.69761,4
-0.94383,-0.45096,4
-0.72033,-0.54503,4
-0.99931,-1.0135,4
-1.0673,-0.66022,4
-0.84896,-0.38329,4
-0.4735,-0.41349,4
-0.94151,-0.8635,4
-0.17206,-0.92279,4
-0.90688,-0.83155,4
-1.1465,-0.63935,4
-0.85457,-0.63617,4
-0.71438,-0.68246,4
-1.4506,-0.77437,4
-1.0348,-1.4044,4
-0.32208,-0.84763,4
-0.88852,-0.50852,4
-1.0012,-0.72168,4
-0.65084,-0.72728,4
-0.64056,-0.75929,4
-0.49748,-0.33415,4
-0.74815,-0.87985,4
-0.82773,-0.84703,4
-1.11,-0.82635,4
-1.3044,-0.35695,4
-1.2324,-0.26306,4
-0.50112,-0.68972,4
-0.67959,-0.70314,4
-0.78874,-0.070705,4
-0.67603,-0.62699,4
-1.1182,-0.043862,4
-0.64815,-0.25418,4
-0.77757,-0.44289,4
-0.79982,-0.33317,4
-1.4079,-0.44067,4
-0.39235,-0.14227,4
-0.90192,-0.36142,4
-1.3166,-0.55423,4
-0.77741,-0.60106,4
-1.0013,-0.7641,4
-1.0808,-0.60022,4
-1.2116,-0.60692,4
-0.44145,-0.47906,4
-0.53884,-0.902,4
-0.49468,-1.2583,4
-0.82679,0.2547,4
-0.65622,-0.73442,4
-0.887,-0.1575,4
-0.56183,-0.4436,4
-0.57334,-0.55581,4
-0.64564,-0.21812,4
-0.83964,-0.48448,4
-0.86302,-0.6234,4
-1.6563,-1.1594,4
-1.2788,-0.66706,4
-1.1851,-1.1072,4
-0.65381,-0.50175,4
-0.67001,-0.15103,4
-1.0854,-0.28123,4
-1.4069,-0.31082,4
-0.77101,-0.77522,4
-0.6872,-0.66593,4
-0.3642,-0.97221,4
-1.5967,-0.66605,4
-1.1912,-0.42629,4
-0.37788,-1.2292,4
-0.23786,-0.9482,4
-0.60535,-0.84065,4
-0.8994,-0.99657,4
-0.40275,-0.36317,4
-0.88186,-0.44416,4
-1.1545,-1.0599,4
-1.1302,-0.073158,4
-0.25826,-1.2641,4
-1.0712,-1.3029,4
-0.68162,-0.67008,4
-1.1578,-0.5125,4
-0.76761,-0.67197,4
-0.79853,-0.66337,4
-0.88104,-0.50914,4
-1.0589,-0.7459,4
-0.53299,-0.40486,4
-0.91308,-0.22593,4
-1.2605,-0.21355,4
-0.73533,-0.034536,4
-0.99315,-0.82211,4
-0.92611,-0.334,4
-0.80061,-0.20178,4
-0.55018,-0.53803,4
-0.42759,-0.59727,4
-0.23597,-0.26233,4
-1.1901,-0.82709,4
-0.98728,-0.297,4
-1.3006,0.43087,4
-0.92884,-1.0217,4
-1.0331,-0.32753,4
-1.2073,-0.78389,4
-0.75904,-0.60489,4
-0.78121,0.098582,4
-1.0062,-1.1233,4
-1.0594,-0.37764,4
-0.89758,-0.21462,4
-1.261,-1.1424,4
-0.86505,-0.59259,4
-0.76914,-0.84093,4
-1.1438,-0.38241,4
-0.42063,-0.27232,4
-0.90721,-0.36366,4
-0.49899,-0.79945,4
-0.53921,-1.0401,4
-0.89633,-0.78276,4
-1.1254,-0.27688,4
-0.47505,-0.41642,4
-0.70748,-0.12581,4
-1.1843,-0.64212,4
-0.99034,-0.81931,4
-1.5804,-0.75726,4
-1.0669,-0.84137,4
-1.1341,-0.56967,4
-0.14946,-0.57429,4
-1.007,-0.38072,4
-0.49882,-0.73189,4
-0.56575,-0.37959,4
-0.97635,-0.54856,4
-0.98725,-0.60066,4
-0.87621,-0.81534,4
-0.59777,-0.4034,4
-0.76473,0.036525,4
-1.1838,-0.7453,4
-0.57419,-0.57529,4
-0.49987,-0.78164,4
-1.1051,-0.64216,4
-1.1874,-0.63664,4
-0.5226,-0.8103,4
-0.89841,-0.84336,4
-1.1207,-0.32921,4
-0.84129,-0.45535,4
-0.42301,-0.092965,4
-0.80451,-0.72164,4
-0.67352,-0.62107,4
-0.69246,0.023403,4
-1.195,-0.76137,4
-0.98671,-0.63302,4
-0.63058,-0.64859,4
-0.61734,0.022086,4
-0.5512,-0.37072,4
-1.1978,-0.31301,4
-0.94182,-0.54182,4
-1.0282,-0.34504,4
-0.82975,-0.88656,4
-1.1975,-0.26689,4
-1.2281,-1.0483,4
-0.3956,0.11803,4
-0.85114,-0.4291,4
-0.52675,-0.68694,4
-0.1113,-0.25253,4
-0.96301,-1.2424,4
-0.83502,-1.137,4
-0.24908,-0.83022,4
-1.4034,-0.63837,4
-0.66939,-0.78947,4
-0.9371,0.10724,4
-0.55487,-0.53026,4
-0.98341,-0.86862,4
-0.71506,-0.37755,4
-1.0017,-0.85768,4
-0.67788,-0.7044,4
-0.84255,-0.59341,4
-0.79458,-0.72488,4
-0.093651,-0.6878,4
-0.38844,-0.48178,4
-0.81664,-0.80384,4
-0.65387,-0.40319,4
-0.9605,-0.71483,4
-0.87839,-0.22838,4
-1.0008,-0.44427,4
-0.67117,-1.0867,4
-0.65721,-0.66432,4
-0.80003,-0.77095,4
-0.84681,-0.69476,4
-0.85106,-0.83091,4
-0.83486,-0.7534,4
-0.31164,-1.0447,4
-0.012692,0.039409,4
-1.0474,-0.34462,4
-0.64448,-0.44805,4
-0.15653,-0.55788,4
-1.0912,-0.41351,4
0.32431,-0.70032,5
-0.04542,-0.44711,5
0.30366,-0.72513,5
0.16264,-1.0254,5
-0.15269,-1.1991,5
0.36725,-1.5697,5
-0.18583,-0.37666,5
0.43239,-0.58429,5
0.42913,-1.0372,5
0.41742,-0.89428,5
0.16555,-1.2545,5
-0.10206,-1.1821,5
0.31887,-0.86173,5
0.29615,-0.57896,5
0.42683,-0.87334,5
0.62447,-0.44056,5
0.56705,-0.82035,5
0.6211,-1.2449,5
0.34427,-1.2431,5
0.59794,-0.78873,5
0.7246,-1.3771,5
-0.017478,-0.87739,5
0.7109,-1.2,5
0.35925,-0.39168,5
0.46755,-0.93967,5
0.36293,-0.86081,5
0.48595,-1.5262,5
-0.035399,-1.1997,5
0.37553,-1.2199,5
-0.087633,-0.72681,5
-0.015338,-0.58784,5
0.62019,-0.99908,5
-0.10887,-0.85926,5
0.066656,-0.98943,5
-0.6414,-0.96449,5
0.47896,-1.1282,5
0.31618,-1.2607,5
0.33516,-0.85564,5
0.37968,-0.79646,5
0.405,-0.73205,5
0.24273,-0.84639,5
0.7342,-0.67457,5
-0.29591,-1.1073,5
0.56741,-1.0656,5
0.40384,-0.96746,5
0.62291,-0.94886,5
0.039304,-0.93352,5
0.39325,-1.3591,5
-0.21688,-1.1555,5
0.011961,-0.96838,5
-0.039838,-1.2836,5
0.069439,-1.3888,5
0.54878,-0.98069,5
0.5392,-0.83121,5
0.31172,-0.75222,5
-0.32916,-1.4031,5
0.56657,-1.0406,5
0.14576,-1.0074,5
-0.014298,-1.2682,5
0.22801,-0.84708,5
-0.047557,-0.45432,5
0.080729,-0.92398,5
0.31853,-0.666,5
0.72159,-0.51818,5
0.073271,-1.1064,5
-0.16979,-0.35765,5
-0.33574,-1.2282,5
-0.43447,-0.94221,5
0.36465,-1.3141,5
-0.19218,-1.1757,5
0.58637,-0.97548,5
0.046216,-0.79739,5
0.39562,-0.46276,5
-0.56359,-1.122,5
0.44457,-0.50257,5
0.60825,-1.1312,5
0.063914,-1.1399,5
-0.20564,-0.75273,5
0.52522,-0.49241,5
0.12046,-0.87514,5
0.045703,-1.3479,5
0.20145,-0.90215,5
0.026756,-0.48696,5
0.5425,-0.8646,5
0.0072699,-0.59123,5
0.3102,-0.9236,5
0.066155,-1.3531,5
0.26597,-0.71763,5
0.53605,-0.97318,5
0.44178,-1.436,5
-0.027671,-0.52566,5
0.36427,-0.83429,5
0.74479,-0.88884,5
0.083668,-0.78851,5
0.48961,-0.46748,5
-0.25559,-0.56229,5
0.90296,-0.95781,5
0.5145,-1.1306,5
0.65559,-1.3115,5
0.83592,-0.73792,5
0.21047,-0.62819,5
0.094088,-0.68167,5
0.45002,-1.0897,5
0.30171,-1.1875,5
0.53878,-0.94465,5
0.0058024,-0.80503,5
-0.15293,-0.71099,5
-0.4116,-0.38619,5
0.46851,-0.62107,5
0.47168,-1.2849,5
0.94785,-1.2819,5
0.69672,-0.84472,5
0.09186,-0.66772,5
0.28239,-1.3393,5
0.13654,-1.3448,5
0.03985,-1.3523,5
0.093921,-1.4517,5
0.028691,-0.97927,5
0.34026,-0.91525,5
-0.61691,-1.1426,5
0.35843,-1.4054,5
-0.28155,-0.82905,5
0.35855,-0.9223,5
0.5403,-1.3298,5
0.36519,-1.3454,5
0.5811,-1.5065,5
0.17553,-0.63274,5
0.25931,-0.60922,5
0.72045,-0.95123,5
0.2118,-0.77993,5
0.22144,-0.94833,5
0.0093794,-0.93806,5
0.28977,-0.94823,5
0.08424,-0.6454,5
0.75175,-1.0681,5
0.3794,-1.1102,5
0.28699,-0.8425,5
-0.14902,-1.0864,5
0.49972,-0.92152,5
0.61722,-0.6969,5
0.32955,-0.9415,5
0.43805,-0.84992,5
-0.082347,-0.61735,5
0.53629,-0.61027,5
0.028182,-1.621,5
0.78694,-0.96859,5
0.81314,-0.92718,5
0.31718,-1.1922,5
0.066167,-1.1242,5
0.29044,-1.3302,5
0.59689,-1.4172,5
0.088891,-1.0471,5
0.072554,-1.3687,5
0.40055,-0.50322,5
0.4865,-1.1574,5
0.33947,-1.352,5
-0.28665,-0.70374,5
-0.30952,-1.5354,5
0.17069,-1.1733,5
0.16215,-1.0141,5
0.1337,-0.56637,5
0.054674,-0.76974,5
-0.052413,-0.88429,5
0.25232,-0.82088,5
0.64015,-0.72088,5
0.35769,-0.76362,5
0.29292,-0.67443,5
-0.00611,-0.81553,5
0.034299,-1.1452,5
-0.42927,-1.3873,5
0.48415,-1.8321,5
0.11523,-1.0435,5
0.27126,-0.66044,5
0.54469,-1.1945,5
0.1295,-1.0501,5
-0.074291,-0.65591,5
0.50962,-0.95727,5
0.23942,-1.665,5
0.32226,-1.3886,5
0.33025,-0.89622,5
0.21295,-1.4258,5
-0.14444,-0.81951,5
0.34737,-1.1404,5
-0.26465,-0.71444,5
0.78367,-1.4575,5
0.64041,-0.91701,5
-0.043235,-1.0381,5
0.034751,-0.97939,5
0.44096,-0.93874,5
0.49457,-0.8638,5
0.33275,-1.2836,5
-0.068481,-1.2556,5
0.37539,-1.2259,5
0.36325,-1.1054,5
0.38935,-0.50577,5
0.4654,-0.6744,5
0.30386,-0.739,5
-0.2391,-0.95863,5
0.32616,-0.90271,5
0.10358,-1.1668,5
0.74453,-0.71301,5
-0.42514,-0.4314,5
0.21117,-0.81151,5
0.39348,-0.79579,5
-0.45702,-1.3288,5
0.15722,-0.7144,5
0.38473,-1.2108,5
0.087814,-0.91184,5
0.38806,-0.89936,5
0.29365,-0.81392,5
0.93437,-0.79275,5
-0.11922,-0.93167,5
0.46541,-0.92044,5
-0.082963,-0.49367,5
0.66355,-1.3476,5
-0.022742,-0.88826,5
0.45567,-1.022,5
0.0099863,-1.3113,5
0.6183,-1.2197,5
0.22789,-0.11729,5
0.69322,-1.361,5
0.13114,-0.76531,5
-0.084827,-0.97421,5
0.24837,-0.60262,5
0.43618,-0.35783,5
-0.053425,-0.79557,5
-0.69788,-0.95295,5
0.35938,-0.74112,5
0.54631,-0.31524,5
0.49977,-0.94271,5
0.43698,-0.92044,5
0.28382,-1.2698,5
0.57164,-0.84876,5
-0.38319,-1.306,5
-0.21805,-0.54583,5
-0.099951,-0.94151,5
-0.17532,-1.0794,5
0.34007,-0.71848,5
0.51896,-1.6749,5
-0.24215,-1.2562,5
0.51748,-0.7895,5
1.045,-1.1137,5
0.44903,-0.50614,5
0.074878,-1.0457,5
0.54646,-0.85153,5
0.51355,-0.86025,5
0.51701,-0.96544,5
1.1445,-0.42842,5
0.8623,-1.0483,5
-0.1799,-1.3654,5
0.55153,-1.2384,5
0.83106,-1.0473,5
0.0163,-0.7767,5
0.18134,-1.207,5
0.5961,-1.0121,5
0.47699,-1.0471,5
0.73146,-1.2285,5
0.85973,-0.52584,5
0.17717,-0.85622,5
0.40855,-1.2887,5
0.18137,-0.96682,5
0.43088,-0.73627,5
0.90618,-1.2714,5
0.72215,-0.53881,5
0.55286,-0.93218,5
0.055092,-1.1425,5
0.16375,-1.4656,5
0.19316,-0.95491,5
0.67087,-1.9938,5
0.31597,-1.1615,5
0.54122,-1.2721,5
0.14958,-0.5719,5
0.016601,-0.44643,5
0.713,-1.4636,5
-0.0028349,-1.1103,5
0.45247,-1.4197,5
0.34636,-0.86689,5
0.67016,-1.1874,5
0.21618,-1.3943,5
0.73749,-0.56556,5
-0.27432,-1.2088,5
0.066087,-1.1843,5
0.17028,-0.95577,5
0.041579,-0.59587,5
-0.0093793,-0.84281,5
0.34924,-1.0923,5
0.54534,-0.87749,5
0.65753,-1.2975,5
-0.27395,-0.70815,5
0.44632,-1.3922,5
0.65751,-0.85837,5
0.72323,-1.2569,5
0.29258,-0.5777,5
0.31323,-0.5857,5
0.62239,-1.1022,5
0.76443,-0.9169,5
-0.35476,-1.5592,5
0.66465,-0.90104,5
0.60875,-1.0473,5
0.42238,-1.5173,5
0.089288,-0.97118,5
1.1529,-0.94819,5
0.22658,-1.2783,5
0.76566,-1.3788,5
1.0107,-0.7148,5
0.2371,-0.5818,5
0.91237,-1.0242,5
0.88829,-0.75975,5
0.25197,-0.53711,5
0.67466,-0.77925,5
-0.15125,-0.91622,5
0.60204,-1.393,5
0.27298,-1.0128,5
0.036375,-0.72532,5
0.16678,-0.94607,5
0.66037,-0.8121,5
0.17036,-0.97367,5
0.069363,-0.82227,5
0.17219,-0.81767,5
0.53911,-1.086,5
-0.062961,-0.92288,5
0.41439,-1.0345,5
0.29228,-0.86558,5
0.20408,-0.29937,5
-0.29695,-1.2163,5
0.27558,-0.8304,5
0.10416,-1.0637,5
-0.19814,-0.8167,5
0.31511,-0.70431,5
-0.4704,-0.99246,5
0.55516,-0.54216,5
0.32392,-0.97339,5
-0.029634,-1.0178,5
0.55772,-0.81079,5
0.085797,-0.86368,5
0.14486,-0.09197,5
0.36515,-0.60252,5
-0.036437,-0.54468,5
-0.041187,-1.3597,5
-0.050702,-1.0735,5
0.67404,-1.3195,5
0.082719,-0.077394,5
0.56119,-1.5925,5
0.42277,-1.0858,5
-0.012592,-0.54326,5
0.52786,-1.4444,5
0.18868,-1.1604,5
0.46994,-0.69646,5
0.50244,-0.85263,5
0.30557,-0.61764,5
0.093558,-0.6449,5
0.80375,-0.69631,5
0.27388,-0.86188,5
0.22626,-0.82721,5
0.09331,-1.2019,5
0.17567,-1.2705,5
0.33072,-1.4103,5
-0.21802,-0.83359,5
-0.17153,-0.95563,5
0.27217,-0.85783,5
0.10597,-0.35333,5
0.39961,-0.47273,5
-0.43505,-0.78259,5
0.2897,-1.0612,5
0.12043,-1.3962,5
0.2941,-0.67051,5
0.35415,-0.41706,5
0.23264,-1.1632,5
0.42401,-0.88005,5
0.2009,-0.6531,5
0.50442,-0.8714,5
0.49245,-0.75674,5
0.57163,-1.2953,5
0.91647,-0.46047,5
0.2245,-1.2157,5
0.851,-1.4554,5
0.31555,-1.4851,5
0.33564,-0.42338,5
0.59594,-1.4708,5
0.030283,-0.62013,5
-0.15616,-0.64606,5
0.27885,-1.1019,5
-0.010851,-1.258,5
0.19738,-0.38705,5
-0.22475,-0.62555,5
-0.026385,-1.0293,5
0.40819,-0.82408,5
-0.056205,-1.2043,5
0.4387,-0.98333,5
0.030696,-0.96492,5
0.44937,-1.0972,5
0.12977,-1.0466,5
0.11555,-0.8694,5
0.091527,-0.91885,5
0.35112,-0.99532,5
0.29529,-1.2442,5
0.13258,-0.99769,5
0.023962,-0.93371,5
0.22163,-0.87311,5
0.58204,-0.76361,5
0.33065,-0.6712,5
0.50482,-0.95237,5
0.27867,-1.0875,5
0.53156,-1.0041,5
0.23734,-1.1761,5
0.47871,-0.93439,5
0.18494,-1.1642,5
0.78622,-1.115,5
0.23533,-0.53587,5
0.32899,-0.95561,5
0.04956,-0.91019,5
0.47333,-1.0735,5
0.50356,-0.4114,5
0.57351,-0.65762,5
0.11259,-1.3474,5
0.39869,-1.3298,5
0.27521,-0.81214,5
0.16238,-0.96573,5
0.066099,-0.40152,5
0.62238,-1.5219,5
-0.16374,-0.70001,5
-0.017019,-1.0765,5
0.45319,-0.92219,5
0.45127,-1.0167,5
0.6598,-1.3426,5
0.95271,-1.3378,5
0.3999,-1.3454,5
0.3665,-0.86696,5
0.23653,-1.2391,5
0.27246,-1.2887,5
0.095387,-1.0105,5
0.44095,-1.6112,5
0.15072,-1.3168,5
0.16178,-1.1653,5
0.4436,-1.415,5
0.15234,-0.5322,5
0.57832,-0.66881,5
-0.31143,-1.3019,5
-0.17664,-0.46459,5
0.05241,-0.91021,5
0.4419,-1.069,5
0.13099,-0.95606,5
-0.14516,-1.1946,5
-0.2932,-0.76859,5
0.3038,-0.90572,5
-0.11817,-0.75095,5
0.48266,-0.65938,5
0.6502,-1.2407,5
0.19259,-0.76803,5
0.67407,-1.6334,5
0.7981,-1.0546,5
0.047696,-0.99562,5
0.28816,-1.3838,5
-0.021375,-1.1212,5
0.2575,-1.1188,5
0.29134,-1.2255,5
-0.19873,-0.57022,5
-0.15469,-0.88211,5
0.98992,-0.94112,5
0.49501,-0.63714,5
-0.11752,-0.7047,5
0.48515,-1.2741,5
0.40247,-1.3011,5
0.053493,-1.4291,5
0.072049,-1.711,5
0.50129,-0.74458,5
-0.017865,-1.647,5
0.58973,-0.67724,5
0.84519,-0.23462,5
0.20537,-0.79471,5
0.53513,-0.70351,5
0.33797,-0.9538,5
0.13254,-0.82139,5
0.70518,-0.70255,5
0.3211,-0.95786,5
0.59338,-1.2276,5
0.26545,-1.6441,5
0.27496,-0.70107,5
0.175,-1.0689,5
0.16397,-1.0775,5
-0.043234,-1.0899,5
-0.3058,-0.55605,5
0.16887,-1.2649,5
0.25628,-1.0482,5
0.043825,-1.3311,5
0.4586,-0.98469,5
0.54577,-0.83026,5
-0.16368,-0.92838,5
0.14908,-0.57986,5
0.86415,-1.0798,5
0.078641,-0.87194,5
0.17792,-0.81067,5
0.33184,-1.1243,5
-0.090465,-1.0663,5
0.028917,-0.7953,5
0.30555,-0.86787,5
0.15786,-0.94897,5
0.38776,-0.93411,5
0.17368,-0.96083,5
0.28149,-0.37447,5
-0.27447,-1.0113,5
0.58669,-0.79249,5
-0.28117,-0.55109,5
0.39227,-1.1546,5
0.081691,-1.3859,5
0.24468,-0.88329,5
0.65957,-0.88235,5
0.41482,-1.0502,5
0.2393,-1.1742,5
-0.24245,-1.1366,5
-0.12076,-0.7508,5
0.023415,-0.69643,5
0.53578,-0.83793,5
-0.1168,-1.0955,5
0.19636,-0.69907,5
0.80343,-1.0121,5
0.49272,-0.87388,5
0.34354,-0.87679,5
0.38563,-0.87205,5
-0.034402,-1.3556,5
0.56446,-0.99313,5
0.18244,-0.69099,5
0.15374,-0.9803,5
0.01514,-0.96803,5
0.043144,-1.0652,5
0.55296,-0.98659,5
0.43741,-0.59566,5
0.53727,-1.2257,5
0.10802,-0.88597,5
0.30624,-1.5574,5
0.018448,-0.43045,5
0.36794,-1.249,5
-0.051107,-1.0635,5
0.36399,-0.5921,5
0.12434,-0.72614,5
-0.034746,-0.91445,5
-0.33798,-0.96229,5
0.93025,-1.0048,5
0.14986,-0.56081,5
0.29465,-0.86226,5
0.67017,-1.2886,5
0.59121,-0.8894,5
0.61051,-0.90255,5
0.32647,-0.95087,5
0.49432,-1.005,5
0.45793,-0.94289,5
0.33099,-0.97145,5
0.30772,-0.83819,5
0.11781,-0.84754,5
1.0423,-0.97074,5
0.48956,-1.0106,5
0.18968,-1.1756,5
0.090504,-0.84039,5
0.40173,-1.0907,5
-0.0906,-1.3865,5
0.4338,-1.2196,5
-0.27094,-0.74651,5
-0.067919,-0.93269,5
0.18472,-0.046266,5
0.75255,-1.0161,5
0.26871,-1.1768,5
0.39129,-0.8262,5
0.08523,-0.96378,5
0.48884,-0.77144,5
0.76735,-0.55152,5
0.71244,-0.71566,5
0.4277,-1.1173,5
0.38204,-1.249,5
0.26441,-1.0757,5
0.59241,-1.3291,5
0.16363,-0.72795,5
-0.26966,-0.66771,5
0.17286,-1.1403,5
0.60451,-0.79488,5
0.54581,-1.0613,5
0.12391,-0.72904,5
0.43753,-1.0871,5
0.5898,-1.2384,5
0.39213,-0.94963,5
0.022048,-0.74295,5
0.04864,-0.70661,5
0.27661,-1.1112,5
0.22605,-0.54748,5
0.74552,-0.86475,5
0.96367,-1.0533,5
0.23319,-0.67994,5
0.12668,-1.0946,5
-0.001622,-1.5049,5
0.37544,-1.349,5
0.29126,-0.92345,5
0.033584,-0.89559,5
-0.13589,-0.32159,5
0.17991,-1.0657,5
-0.30066,-1.134,5
0.46109,-1.1835,5
0.45752,-1.2162,5
0.30907,-1.1189,5
0.41189,-0.76759,5
0.49078,-1.0235,5
-0.3122,-1.2942,5
0.15742,-0.66244,5
-0.15879,-0.2728,5
0.71363,-0.83193,5
0.2192,-0.8888,5
0.049375,-0.60566,5
0.45219,-1.4493,5
0.45299,-1.0384,5
0.56428,-1.2677,5
0.52156,-1.0225,5
0.4916,-0.81404,5
0.17336,-1.3131,5
0.21389,-1.0151,5
-0.11244,-0.99085,5
0.29192,-1.246,5
0.21968,-1.2933,5
0.63716,-0.95187,5
0.18944,-1.0681,5
0.011401,-0.9769,5
-0.040785,-1.3204,5
0.56715,-0.92781,5
0.32718,-0.88946,5
0.65053,-0.53881,5
0.34468,-1.1792,5
0.47396,-1.5753,5
0.48559,-1.4801,5
-0.15081,-0.75717,5
0.36145,-0.91189,5
0.39441,-0.91255,5
0.38597,-0.84975,5
0.27328,-0.86198,5
0.27093,-0.70768,5
-0.1417,-1.1391,5
0.24077,-1.0919,5
0.24542,-1.3256,5
0.67773,-0.72702,5
0.14688,-0.77226,5
0.088521,-0.39218,5
0.091297,-1.2117,5
0.40844,-0.84102,5
-0.088863,-0.78579,5
0.90536,-0.86533,5
0.13635,-1.3627,5
0.47121,-0.94798,5
0.83669,-0.54461,5
0.2148,-1.1429,5
0.55273,-0.86763,5
0.4875,-0.96861,5
0.41485,-0.60259,5
0.23117,-1.2397,5
0.54402,-1.1476,5
0.4667,-1.665,5
-0.36176,-0.90556,5
0.13383,-0.47394,5
0.96057,-0.66056,5
0.4543,-0.96278,5
0.046858,-0.99196,5
0.10665,-1.138,5
0.53022,-0.81612,5
0.21348,-0.54581,5
0.44775,-0.93856,5
0.44199,-1.0015,5
0.333,-0.87242,5
0.05014,-1.1456,5
0.272,-1.2229,5
0.64212,-0.45674,5
0.49751,-0.58185,5
0.36022,-0.4043,5
0.78385,-0.79406,5
0.88333,-0.71089,5
0.89723,-0.59388,5
-0.23995,-0.52563,5
0.69477,-0.98057,5
0.54991,-0.4501,5
0.062135,-0.55085,5
-0.046418,-1.1176,5
0.063041,-0.7208,5
0.28271,-1.0324,5
0.42201,-0.72433,5
0.5405,-1.5589,5
0.82755,-0.5867,5
0.017729,-1.1386,5
0.54006,-1.033,5
0.76108,-1.5215,5
0.40191,-0.45072,5
0.10942,-1.3999,5
0.43929,-0.69143,5
0.48203,-1.3585,5
0.15317,-1.063,5
0.22823,-1.1336,5
0.74122,-1.041,5
0.14268,-1.2212,5
0.15144,-0.97078,5
0.037697,-1.1398,5
0.042308,-1.1135,5
0.42555,-1.2432,5
0.25336,-0.95952,5
0.35986,-0.95303,5
0.68886,-1.1027,5
0.88762,-0.39844,5
0.63161,-0.60473,5
0.48923,-1.1944,5
0.82677,-1.0922,5
0.50805,-0.76608,5
0.95632,-1.0886,5
0.28694,-1.4993,5
0.46165,-1.2399,5
0.54631,-0.66307,5
0.25023,-0.83758,5
0.1066,-1.1306,5
0.61404,-0.89482,5
0.43445,-0.39552,5
0.21984,-0.79249,5
0.080695,-0.77032,5
0.38432,-0.97655,5
-0.19583,-0.64306,5
0.30383,-1.3889,5
-0.15685,-1.159,5
-0.31974,-0.11278,5
0.6232,-0.426,5
0.40252,-1.2286,5
-0.06469,-0.55043,5
0.47266,-1.1132,5
0.26234,-1.0633,5
0.32786,-1.0135,5
0.53525,-0.71399,5
0.055761,-0.79827,5
0.34603,-0.72264,5
0.38651,-1.1947,5
0.043245,-0.72415,5
0.20324,-1.3443,5
0.60967,-0.66351,5
0.26228,-0.69511,5
0.24434,-0.99775,5
0.62444,-0.90514,5
0.35216,-0.42106,5
0.054381,-0.56386,5
0.33932,-0.46723,5
0.7135,-1.1419,5
0.21544,-1.2037,5
0.19721,-0.94208,5
0.18039,-0.94134,5
0.5476,-0.85922,5
-0.22594,-1.1822,5
0.67653,-1.2251,5
0.60094,-0.63796,5
0.3403,-0.62301,5
0.24237,-0.82429,5
0.30827,-0.77253,5
0.043404,-1.49,5
0.9382,-1.0456,5
0.13377,-0.84567,5
0.31308,-0.88639,5
0.28328,-0.72229,5
0.048316,-0.70338,5
0.32609,-1.0274,5
0.058712,-0.72729,5
0.42241,-1.1964,5
0.89804,-0.47099,5
0.041815,-1.0543,5
-0.24607,-0.53294,5
-0.003898,-1.4645,5
-0.031873,-0.85308,5
0.15726,-0.9094,5
0.33752,-0.66291,5
0.52077,-1.1807,5
0.054275,-0.90904,5
0.55398,-0.23998,5
-0.092294,-1.0439,5
0.42584,-1.1144,5
-0.33113,-1.2545,5
0.16663,-0.86678,5
0.31098,-0.93285,5
-0.040416,-1.0975,5
-0.0033488,-1.0475,5
-0.27947,-0.82921,5
0.14517,-0.66631,5
-0.18334,-1.0546,5
0.12081,-0.91866,5
0.11973,-0.39993,5
0.61096,-1.2897,5
0.94303,-1.4857,5
0.207,-0.74662,5
0.4613,-1.3839,5
-0.048266,-0.7695,5
-0.19623,-1.1684,5
0.44268,-0.96302,5
-0.50834,-0.98341,5
0.4538,-0.8065,5
0.36464,-0.9335,5
0.47309,-0.57388,5
0.34541,-1.3187,5
-0.16361,-0.9259,5
0.46985,-0.91835,5
0.022166,-0.90614,5
-0.20243,-1.301,5
0.36898,-0.72442,5
0.14605,-1.231,5
0.10487,-1.1554,5
-0.050957,-1.0005,5
0.28265,-0.95233,5
-0.25409,-0.71881,5
0.076234,-0.76683,5
0.045848,-0.53949,5
0.25052,-0.91154,5
0.42671,-0.85209,5
0.50821,-0.96247,5
0.12975,-1.0816,5
0.19543,-1.2844,5
0.55278,-0.83395,5
0.54986,-0.88076,5
0.16019,-1.382,5
-0.058537,-0.78859,5
-0.045209,-1.1584,5
0.46358,-1.0807,5
0.28219,-1.0823,5
0.54429,-0.77531,5
0.50175,-0.98002,5
0.23825,-1.2295,5
0.58423,-1.2569,5
0.20019,-0.90116,5
0.33831,-1.2349,5
0.17656,-1.2003,5
0.17302,-1.1404,5
0.24393,-1.2424,5
0.54058,-0.93987,5
0.4113,-0.62936,5
0.14648,-1.2738,5
0.76779,-0.8905,5
0.40861,-1.333,5
0.17615,-1.1608,5
0.17633,-0.14456,5
0.9096,-1.0127,5
0.4625,0.11396,5
0.09602,-0.68647,5
0.89592,-0.9767,5
0.37511,-0.5613,5
0.26328,-1.3078,5
0.31641,-0.75006,5
0.52444,-1.0992,5
0.61739,-0.60459,5
0.40239,-1.0649,5
0.69541,-0.74764,5
0.37052,-1.0754,5
0.19058,-1.1504,5
-0.019761,-1.3613,5
0.19418,0.2172,5
0.19918,-0.83901,5
0.4191,-0.64387,5
0.38843,-1.1187,5
0.57048,-1.2231,5
0.25312,-1.1693,5
0.41663,-0.919,5
0.35775,-0.098925,5
0.38123,-1.0518,5
0.52267,-1.4624,5
0.4625,-1.1397,5
0.83383,-1.2048,5
0.2042,-0.91202,5
0.29942,-0.80345,5
-0.35087,-0.028311,5
0.10509,-1.1204,5
0.9213,-0.79928,5
0.5578,-1.4003,5
0.86353,-1.2608,5
0.1003,-0.81312,5
0.074451,-1.1418,5
0.20039,-0.83654,5
1.0895,-1.0202,5
0.85755,-0.82859,5
0.15578,-1.0042,5
0.051379,-1.2317,5
0.5636,-0.88329,5
0.2086,-1.0343,5
0.13454,-0.64386,5
0.24848,-1.3896,5
0.33456,-0.64479,5
-0.057857,-1.0274,5
-0.062345,-0.50131,5
-0.069759,-0.85311,5
0.047493,-1.117,5
0.066454,-1.1198,5
0.36706,-1.168,5
-0.02173,-0.77822,5
0.25919,-1.2193,5
0.30344,-0.66902,5
0.1325,-1.236,5
0.26578,-1.215,5
0.067572,-1.0278,5
0.049811,-1.2172,5
0.50726,-1.1726,5
0.34114,-1.1256,5
0.041497,-1.0988,5
0.28641,-1.2,5
0.095054,-0.6079,5
0.0538,-1.1854,5
0.62438,-1.2519,5
0.68316,-1.2553,5
0.29077,-1.4771,5
-0.083116,-0.58621,5
0.62536,-1.4285,5
0.56134,-0.81916,5
-0.49491,-1.2173,5
0.64623,-0.37358,5
0.11203,-1.1378,5
0.50154,-1.2326,5
0.72015,-0.8758,5
0.2068,-1.2669,5
0.28458,-0.87388,5
-0.014158,-1.2126,5
-0.031114,-0.99474,5
0.27297,-0.90095,5
0.16966,-1.1227,5
0.28794,-0.91378,5
0.0041748,-1.3463,5
-0.055587,-0.98689,5
-0.050168,-0.99188,5
0.548,-1.1696,5
0.3933,-0.86608,5
0.11934,-0.81405,5
0.68699,-0.99371,5
0.54053,-0.56601,5
0.36553,-0.68392,5
0.40483,-1.0716,5
0.59987,-0.74865,5
0.49207,-1.2379,5
0.37097,-0.65124,5
0.18396,-0.83087,5
0.16922,-1.0341,5
-0.27076,-0.94333,5
0.18686,-0.96032,5
0.5003,-0.96341,5
0.21264,-1.4565,5
0.23415,-1.2011,5
0.34687,-1.2008,5
0.072265,-0.94158,5
0.36388,-0.75813,5
-0.088173,-0.99811,5
0.40464,-0.69638,5
0.24676,-1.2614,5
0.19629,-1.1682,5
0.33929,-1.668,5
0.44964,-0.72557,5
0.12777,-1.4241,5
0.27223,-0.6826,5
0.39506,-1.5018,5
0.69768,-0.59237,5
0.079016,-0.95151,5
0.29812,-0.98544,5
0.33273,-1.0263,5
0.78228,-1.0724,5
0.49022,-1.1427,5
0.01874,-0.39281,5
0.10726,-0.41795,5
0.48829,-1.8077,5
0.60094,-1.0493,5
0.36221,-0.90605,5
0.44328,-1.0367,5
0.11861,-1.3069,5
0.23148,-1.1175,5
0.33387,-0.7722,5
0.16069,-1.1256,5
0.2082,-1.2161,5
-0.41074,-1.1189,5
0.67625,-0.61952,5
0.80604,-1.1955,5
0.10472,-1.1052,5
0.60683,-0.88972,5
0.53504,-0.6392,5
-0.20081,-0.61886,5
-0.1014,-1.4349,5
0.57614,-0.63275,5
0.64636,-0.62652,5
0.7772,-0.82076,5
-0.067868,-0.98025,5
0.64358,-0.8488,5
0.59529,-0.45962,5
0.23557,-0.98928,5
0.3269,-0.9837,5
0.070295,-1.4017,5
-0.057274,-0.66773,5
0.47549,-0.95539,5
0.54022,-0.6843,5
0.40222,-0.48316,5
0.37466,-1.3811,5
0.19829,-0.9441,5
-0.041416,-0.78853,5
0.30086,-0.74125,5
0.40422,-0.83057,5
0.25434,-1.0248,5
0.21401,-1.4219,5
-0.082205,-0.99742,5
-0.050515,-1.1573,5
0.56998,-1.0172,5
0.0059162,-0.71014,5
0.68427,-1.1093,5
0.37508,-0.95991,5
0.71754,-0.6168,5
-0.35413,-0.63981,5
0.27444,-0.73034,5
0.0063602,-0.70529,5
